1041634801 1
1134011079 1
14615820 1
157894951 3
1609234501 1
1613041474 3
1674133844 1
1771444224 1
1842382598 3
1870208171 1
1886032236 1
1908289788 1
2086930470 1
2189397276 1
2250609057 1
2292762363 1
2381714309 1
243732015 1
2648854276 6
2681289736 1
2889385451 2
29066842 1
2980834072 1
2982414394 1
3005721716 2
3005739309 1
3159595378 1
3234070003 1
3279689795 1
3357657060 1
3369775792 1
3554874042 1
3683670517 1
3881344269 1
3908064114 1
3994375127 1
4005672287 1
4014190222 1
4082745666 1
4133773345 1
4154051241 1
4162790020 2
441595039 1
445302041 1
537912727 1
654934464 1
663665735 2
733219622 1