1000062387 1
1001092098 2
100119552 6
1002034538 1
1002616050 1
1002808404 6
1003153172 1
100364913 1
1003756213 1
1004416710 1
1004572946 1
1005709382 1
1006595518 1
1008014229 1
1008529729 1
1008781969 2
1009275993 1
1009731501 2
1009881501 2
1009904448 1
1010389031 3
101069713 1
1011322654 2
1011461682 8
101172366 1
1012266156 3
1013625960 1
1013729286 1
1013850101 2
101391589 1
1013930613 2
1013942467 1
1014616671 3
1016412601 1
1016492003 1
1016767401 1
1016832184 1
101752103 1
101762241 11
1018958114 1
101908418 1
1019096243 1
1019249614 4
1019700121 1
1020093449 1
1020100752 1
1020389211 1
1022366013 1
1022611752 1
1022784429 1
1022917800 2
1023323116 1
1024529935 1
1024685429 3
1024714743 1
1025193060 1
1026624565 1
1027473630 13
1027589217 6
1027767588 3
102801964 2
1028624265 1
1028638219 1
1028888425 1
1029070264 4
1030139580 2
1032839340 1
1033319412 1
1034136279 3
1034455021 1
1034925106 7
1035243734 1
1035622396 2
1035953816 2
1035960605 3
1036019813 2
1036287311 1
103954807 1
1039651730 2
1039928639 1
1039931534 1
1040003948 18
1040917331 1
1043033686 1
1044054076 1
1044138950 1
1044276097 1
1044645495 1
1044941359 2
1045482230 1
1045771336 1
1046293024 2
1046836495 1
104833842 2
1048924277 1
1049642914 2
1050078450 6
105070667 1
1050870013 1
1051545287 1
105174063 2
1052513525 10
105261514 1
1052830051 2
1052966269 1
105339318 1
1054035638 3
105570771 1
1056336805 1
1056519633 1
1056534889 1
1056902349 1
1057499983 1
1057510228 27
1057595377 1
1057961043 1
1058734639 1
1059133594 2
1059750425 1
1059824877 4
1060142376 1
1060336879 1
1061854715 1
1062388453 1
1062523395 1
1063031454 1
1063079249 1
1064615566 1
1065141603 1
1065788179 1
1065949011 1
1066760247 1
1067090202 1
1067625073 15
1068193153 1
1068288486 1
1068392363 3
1068797120 1
1069549856 5
1070294788 1
107205128 1
1072471304 1
1074112991 55
1074354389 3
1074489393 1
1074620488 1
1076216915 3
1076864323 1
1078300976 5
1079207202 1
1079321703 3
107963844 1
1079667496 2
1079786720 1
1080418310 2
1081036560 1
1081466384 1
1081469900 1
108167249 1
1081735844 1
1082503226 4
1082937198 1
1083537844 1
108405398 3
1084283254 1
108482970 1
1084872484 1
1085608914 1
1086594871 1
1087373431 1
1087730906 7
1088268472 1
1088662528 1
1088697522 1
108950258 1
1090123410 1
1090912767 3
1091571766 1
1091964259 3
1093040007 1
1094349752 1
109437202 1
1094411565 1
1095301831 1
1095362961 2
1095943012 3
1096136784 1
1097059513 1
1097179467 3
1097318265 1
1098135773 1
1098201839 4
10982329 2
1098406446 41
1098614778 1
1099357266 1
1099498677 1
1100586386 1
1102016506 1
1102152595 1
1102515069 2
1103053150 1
1103123658 2
1103415228 2
11046064 1
1104678288 1
1104856604 1
1105444440 1
1105505439 1
1105741101 1
1105885175 1
1106607580 23
1107199305 7
1107340634 3
1107607394 1
1107681347 14
1107731242 27
1108320819 1
1109632000 1
1111401032 2
1111584128 1
1112879550 1
1112972228 1
1113024827 1
1113831920 1
1113943502 1
1114839756 1
1114945198 2
1114970606 1
1115420326 3
1117524690 2
1119630751 1
1120020385 2
1120334330 1
112042988 1
1120735877 1
1120739976 19
1121221579 1
1121539385 1
1121855176 1
112379606 1
1124078937 2
1124182805 8
1124575818 1
1124978360 23
1126333907 2
1127476719 1
1127931450 1
1128348082 1
1128617239 355
1128751164 1
1128878253 1
1129454924 45
1130096428 3
113080299 38
1130817513 2
1130865910 1
1130905745 2
1131727267 1
1131790972 1
1132282305 1
1133062066 1
1133180537 1
113551727 1
1135690862 1
1135971447 1
1136036680 10
1137193590 4
113747433 1
1138648261 1
1140074085 1
114019731 2
1140523043 1
1140753309 2
1140795753 2
1140936001 1
114101482 1
1141370385 1
1141372362 3
1141992704 1
1142027328 1
1143690883 1
1143874561 1
1145026415 1
1145520820 1
1146662551 1
1146727061 1
1148491149 1
11485703 1
1149044240 1
1149458043 1
1150175333 2
1150223675 1
1150310814 1
1150929766 1
1151255936 3
1151398392 8
115195542 1
1152093609 4
1152251700 1
1152529004 1
1152760369 1
1153665594 17
1153989634 1
1154056251 2
115475215 9
1155708317 59
1156012798 1
1156217751 2
1156502116 1
1156729957 3
1158260732 11
1159657876 1
1159861064 2
1160982859 1
1161814592 1
1163500179 1
1163823579 2
1163953881 1
1164273102 1
1164736637 7
1165183645 1
1165813031 1
1166511418 13
1166598316 29
1167019273 3
1167465089 1
116960595 1
1170716222 8
1171197559 2
1171563557 3
1171970481 1
1172143258 1
1172533379 1
1173505474 1
1174333729 1
1174909975 1
1175607161 1
1176002074 1
117608554 4
1176819697 2
1176877170 1
1177412055 10
1178051874 1
1178062331 1
1180295603 3
1180879523 1
1181784655 2
1182751518 3
1183468301 37
1183619336 3
118370136 1
1183952306 1
1185453074 2
1185830596 2
1187504596 1
1189379842 1
1189601844 1
119017318 1
1191205941 1
119189933 1
1193658829 1
1193755999 1
119386476 1
1194725331 4
1194753983 3
1194757889 2
1194942757 2
1195387942 1
1195883695 1
1196739595 1
1196784604 3
119682155 1
1197174199 1
1197685618 1
1197702129 4
1197819855 1
1198156188 1
1198157399 2
1198240975 1
1198618285 2
1198778145 1
1198854961 1
1199139158 1
1199259864 1
1199412974 1
1199791976 1
1200788022 1
1201060240 4
120140528 1
1201547578 2
1201921058 1
120195927 2
1203245590 1
1204269140 1
1204496816 2
1204735925 2
1205084695 1
1205275215 1
1206525486 2
1206735962 1
1206953926 1
1207326615 1
1207338476 1
1207453061 30
1207584080 2
1207764695 3
1208110727 1
1208365504 1
1208367511 1
1209750164 2
1210440966 1
1210548389 3
1210856187 2
1211830015 1
1211896499 1
1212049162 1
1212113971 1
1212151600 5
1212770855 1
1212998235 1
1213050221 7
1213253278 1
1213538773 2
121403261 1
1214145946 1
1215845192 1
121663906 1
1217087787 1
1217686826 1
1217965778 1
1218824335 1
1218835589 2
1220019993 1
1220088627 1
1220703478 1
1222076083 1
1222385729 1
1222694765 1
1223370235 2
1223727640 1
1224562432 1
1224605663 1
1224881819 4
1227568642 1
1227691972 1
122949369 6
1229795746 1
1230067215 1
123008839 1
1230438082 1
1230732340 2
1231354578 1
1232235609 1
1232311016 1
1232739035 1
1234037101 1
1234837462 1
123519446 1
1235670289 1
1237301902 1
1237926974 1
1238088553 1
1238608941 1
123871839 1
1239001726 6
1239708846 2
1241445443 1
1242893338 5
1243087368 1
1243132449 1
1244037966 1
124405301 1
12443773 10
1245217975 6
1246083900 1
1246413593 1
1246608765 1
1247132052 2
1247386800 1
1247888633 1
1248855451 1
1248860600 4
1248937963 5
1249365919 1
1249466088 5
1250392662 1
1250720517 1
1250880995 1
1250948859 1
1252883068 3
1253712992 1
1254135832 5
1254721928 2
1256107170 1
1257439288 1
1258278055 1
1258306709 6
1258510900 1
1258592757 1
1258875629 12
1258896092 2
1259173951 1
1259397516 1
1259403520 1
1259421908 1
1259905906 2
1259953386 1
12602266 2
1260233928 4
1261334238 2
1261544570 1
1261696667 1
1261826243 1
1262314959 1
1264321800 6
1265264767 1
1265652167 2
1266346148 1
1267375274 1
1267438892 4
1267795840 1
1268064076 1
1269035078 3
1269213610 1
1271437146 1
1272127973 1
1272624294 1
1273590571 2
1273908486 1
1274644803 1
1275172023 39
1275657954 1
1276056883 43
1277643993 1
1277683718 1
1278233473 3
1278667924 2
1279636258 2
1280029457 1
1280164508 1
1280195777 1
1280465185 1
128092009 1356
1281327642 4
1282525477 1
1282893807 1
1283462680 1
1283685633 1
1284792163 1
1285120755 1
1285219762 1
1285262823 1
1286087627 1
1286115541 1
1286165441 1
1286353102 1
1287705055 72
1287944854 2
1288696367 1
1289364377 3
1289527037 2
1289663435 1
1291212397 1
129150368 1
1291816203 1
1292001083 1
1292351962 1
1293204633 1
1293362787 1
1294621599 1
1295950099 1
1296049082 1
1296174967 4
1296985787 1
1297937272 3
1298442171 1
130178093 1
1304778257 1
1305579480 1
1305888394 13
1306019818 1
1307076061 15
1307610870 1
1307844609 1
1308621935 1
1309698105 1
131085820 1
1311061490 3
1311107678 4
1311276576 1
1311703466 1
1312103335 1
1312883098 1
131297526 1
1313577872 1
1314244834 1
1314322377 1
1314673157 1
1315986401 1
1316735591 1
1317016448 2
1317333320 2
1317499152 1
1318158823 1
1318758375 11
1320317403 1
1320961621 1
1321335264 1
1322123915 1
13234990 1
1324095100 1
132457660 2
1326243782 1
1326783485 1
1326897276 2
1327253111 1
1327763086 1
132832099 1
1329680482 2
1329727228 2
1329776922 1
1330041352 1
1330276644 4
1331134124 4
1331197509 1
1331487212 1
1332219770 5
1332585247 1
1332663103 1
1332834513 2
13329845 1
1333390262 1
1334005758 1
1334324598 1
1334712057 3
1335318096 1
133552331 12
1335630786 2
1337738817 1
1338520027 2
1339860419 1
1339933862 5
1340955752 1
1341075171 1
1341151597 2
1342037171 1
1342480738 1
1343200676 1
1343420924 2
1345051281 2
1345119273 1
1345662336 1
1345812884 1
1346049857 1
134605956 1
134610293 1
1347745289 2
1348223550 5
1348303804 1
1348649773 1
1349113949 1
1349626435 2
1349812986 1
1349939172 1
1350000382 1
1350338965 1
1350604610 1
1351025208 1
1351261759 2
1351643657 2
1352100651 1
135399402 1
1354010332 2
1354162068 5
1354274761 1
1356060736 1
1356516459 1
1357295362 2
1357963924 1
1358936515 2
1359530831 1
1359567759 1
1359985945 18
1360058454 1
1360085834 2
1361269386 1
1361465444 1
1362438129 1
1362630954 1
1362709783 1
1364744365 2
1364968503 2
1365206249 3
1366395377 1
1366677315 1
1366779248 1
1367146987 2
1367389622 1
1367526478 1
1367756446 1
1368956318 1
1369591720 1
1370256870 1
1370269671 5
1370578493 1
1370813857 31
1371351628 7
1371940835 1
1372517422 3
1372795059 1
1373723366 1
1374754009 1
1374843328 1
1375037261 1
1375276506 1
1375571065 1
1375615807 1
137600983 3
1376813084 2
1376815580 1
1377273575 10
1377342619 1
1377563690 3
1377721619 1
1378554643 1
1379351721 1
1379661838 1
1380386504 1
1380781703 2
1382047583 2
1382239848 1
1382953740 2
1383497665 1
1383741189 2
1384569873 2
1385720681 1
1387143744 1
1387308816 3
1388323676 12
1388450533 1
1390001731 2
1390848648 1
139247368 2
1393245350 1
1393451501 1
1393481818 2
1393589976 1
1393836093 19
1394262598 1
1394481997 1
1395687084 1
1395700141 3
1395911719 1
1396353163 1
1397072845 78
1398899895 1
1399132256 1
1402098542 1
1402891872 1
1403248776 8
1404074546 1
1404109838 9
1404365845 2
1404696909 1
1405683924 1
1406679505 1
1407870468 2
1407990896 1
1408302338 1
1408485039 1
1408921704 1
1409278568 1
1410151809 1
1410381857 1
1410398542 1
1411043559 1
1411351886 1
1413194534 2
1413570417 4
1413841996 4
1413881293 1
1415556813 1
1416033487 11
1416091536 1
1416868244 1
141780324 1
1418159445 1
1419544089 1
1420193027 1
142031615 1
1420555304 1
1421746550 3
1422408261 2
1422813472 1
1423478199 2
1423678420 12
1423816618 4
1423941854 1
1423994305 5
1424517522 1
1425036681 1
14261555 1
142712594 1
1427190376 1
1428532855 1
1428854831 7
1429648137 1
1429667036 1
143007772 8
1430607941 8
1430679000 2
1430894692 1
1431025693 1
1431255626 1
1431641702 3
1431909378 1
1432381942 3
1434216341 1
1435977990 1
1437080472 1
1437357131 1
1437370086 3
1437495193 1
1437660212 1
1437901523 1
1438018646 2
1439273349 1
1440835149 1
1441290483 1
1441450776 1
1442114637 1
1443477535 1
1443547898 1
1446026419 2
1446963983 4
1447316306 2
1447881617 1
1449284041 2
1449766214 1
1450209538 1
1450249410 5
1450261862 19
1450417761 1
1451025694 1
1452511109 2
1453719559 5
1454684054 1
1455658617 1
1456633808 18
1457395099 1
1458955518 6
1461263834 1
1461795210 1
1462145620 1
1462503378 1
1462622051 2
1463273286 1
1463370928 1
1464149266 1
1464157076 2
146471897 1
1465094733 1
1466006634 2
1466105050 1
1466197652 2
1466645494 1
1467345409 6
1468230973 1
1468766420 2
1469065966 1
1469612854 3
1469704512 1
1469955599 1
1472796493 2
1475501155 2
1475767430 2
1475803644 1
1476763049 1
1477288421 1
1478174088 1
1478462538 1
1479027989 3
1479149976 2
1479312763 1
1479315449 1
1479681305 1
1480465079 1
1481115575 1
1483095288 1
1483111109 1
1484854329 1
1485819750 1
1486673908 1
14883191 2
1488434904 1
1488891168 1
1488937006 4
148938883 1
1489545872 1
1490761781 1
1490838786 1
149162596 1
1492673866 1
1492792102 1
1493071589 1
149424233 1
1494495576 2
1495163607 2
1495800741 2
149625246 1
1496787189 1
1497080389 1
1497583598 11
1499386906 20
1499862240 1
1499934537 1
1501003240 1
1501384445 1
150222684 1
1502824587 1
1503451424 1
1504429529 10
1504544738 1
1504898377 8
1505902987 1
150775054 1
150797840 2
1508119039 1
1508570457 1
1510195379 1
1510799327 1
1511030536 1
1511201973 2
1511329058 1
1511429740 1
1512124174 2
151238 1
1512716680 1
1512776038 1
1513167954 1
1513496925 1
1513798101 1
1514506884 1
1515471847 9
1515637388 1
1515989551 1
1516154925 2
1516424397 2
1516460224 1
1518149062 2
1518504111 1
151919610 2
151930885 4
1520015312 1
1520097114 1
1521363117 1
1521616133 1
1523084478 2
1523254730 1
1523699773 1
1524126378 30
1524836509 1
1525293115 3
1527036389 1
1528421919 9
152862312 2
1529766225 1
1530108840 1
1530588799 1
1531228144 1
1531277332 2
1531359169 2
1531653323 1
1532459004 1
153368763 1
1533788125 1
1534140886 1
1535987590 1
1537812305 1
1538458805 1
1538714165 1
1539740172 1
1540641756 1
1540796157 1
1541043164 1
1541049730 1
1542400752 1
1543675241 1
1543724796 1
1543773517 1
1544021068 1
1545220982 1
1545226520 1
1545344303 1
1545668126 2
1545949830 3
1546491902 1
1547136225 1
154738571 1
1548625015 3
1548664425 1
1549554104 1
1550051887 1
1550177152 1
1550945256 3
1551142999 1
1551655692 1
1552035379 1
1552534107 1
1553685058 2
1554235592 1
155504293 1
1555436891 1
155597842 1
1556314942 1
1556671117 1
1556877013 3
1557193538 6
1557858087 1
1559241203 2
1559261328 1
1559740242 1
1559757290 1
1560021268 1
15605478 1
1560771272 8
1560959316 1
156127206 1
1561801903 1
1564710512 1
1565610473 5
15667186 1
1566719936 3
1568086705 1
1568524957 1
1568529390 1
1569053725 36
1569162340 1
1569707710 1
1570333208 1
1570337600 6
1570906438 1
157146460 2
1571582813 1
1572008483 19
1572558301 1
1573057737 2
157358795 3
1574838544 22
1575227852 1
1575793616 1
1577214284 2
1577693894 1
1577916117 1
1578286458 1
1579043182 1
1579138151 1
1579687762 1
158052042 4
1581943786 1
1583159574 1
1583337177 1
1584049460 2
1584224166 7
1584542681 9
1585359478 3
1585548141 3
1586826204 1
1586886193 1
1586984353 1
1587269692 1
1587891098 6
1589858719 1
1590216816 2
1590377794 1
1590902228 1
1592011174 2
1592539463 1
1597176011 3
1597423111 1
159861220 1
159946418 3
1599597317 1
1599680972 1
1600561790 2
1600727602 4
1601142163 79
1601646549 2
1601922350 2
1601979494 4
1602118764 1
1603322727 2
1604328922 1
1604474034 3
1604653795 10
1604749785 6
1604863800 1
1605457069 1
1606812162 1
1606893801 1
1607417372 1
1607779766 2
1608181970 1
1608665759 1
1609338446 1
1610613552 1
1610962457 1
1611256378 2
1611989522 1
1612128173 3
1612215084 1
1612380158 2
1612388905 1
1612783588 1
1613166876 1
1613322290 1
1615077617 2
161853285 1
1618629017 1
1619041648 1
1619386527 1
1620959469 1
1623733668 1
1625388908 1
1625967898 3
1626203473 1
1627498439 16
162771327 1
1627897719 11
1628877084 1
1630101205 3
1630192441 1
1630246304 1
1630341488 1
1630593187 1
1630629522 1
1630654420 3
163271326 1
1634488042 2
1634612425 4
1634967499 1
1635169992 1
1635193352 1
1635295589 15
163628791 1
1636867225 2
1637920069 1
1640405520 1
1640701574 5
1640786092 5
1641596324 1
164162080 1
1642313782 1
164350554 2
1644603843 8
1644853481 1
1645463711 1
1645669252 1
1646480620 1
1647195081 2
1647233673 1
1647482182 1
1647855319 9
164804285 1
1649405664 1
1650283873 1
1650441570 1
165070421 1
1651449703 2
1651685665 1
165195922 2
1652187880 2
1652433313 1
1652723882 3
1654010983 2
1654460576 2
1655060935 1
1655406916 3
165590396 3
1658307371 1
165837969 1
1658409045 1
1659420244 1
1660138227 1
1660164520 1
1660706614 1
1661210829 1
1661214396 1
166195021 1
1662141205 1
1664204801 4
1664229406 4
1665783916 3
1667151604 1
166827946 1
1669008192 13
1669516474 1
1669817433 3
1671930914 1
1672486826 1
1673566960 2
16742985 1
1674610212 1
1674939559 3
1675135274 3
1676050205 1
1676148509 1
167632352 38
1677012008 5
167713260 3
1677790040 1
1678670531 4
167882360 1
1678993969 2
1679009916 4
1679194920 1
167928907 1
1679467396 1
1679543570 1
1680404270 1
1681262030 2
1681910248 1
1681940832 1
1682192606 9
1682266263 1
1682455687 1
1682522354 1
1683650651 1
1684654218 1
1684663782 1
1684806298 1
1685479539 1
1686267774 4
1686793954 1
1687015860 1
1687176344 20
1687308078 1
1687760706 1
1687918090 2
1688211136 2
1689268561 1
1689889089 10
1691244248 1
1691975206 2
1692059018 6
1693034607 10
1693322784 23
1693680700 74
1693684812 1
1693689158 3
169377769 7
1694453879 1
1694919032 4
1695475505 1
1697874249 2
1698066644 1
169891602 1
1699175772 1
1700040645 1
1701686289 5
1703381865 1
1705179733 1
1705198310 1
1707146004 1
1707163037 1
1707362052 1
1708684984 1
1708735615 1
1709020871 5
1709173260 3
1709424208 1
1709997424 1
171019938 1
171186580 21
1712117110 4
1712405795 1
1712812908 3
1712861770 1
1713921826 1
1713952519 3
1713987748 1
1714322205 6
1714908498 8
1715402756 1
1715742101 7
1716050658 1
1716065474 1
1716097960 1
171617052 1
1716937282 1
1717317085 1
1717637950 1
1717770059 1
1718026569 1
1718753552 1
1719957112 4
1721361835 1
1721409059 1
1721817459 1
1721829968 5
1722350817 12
1722711178 1
172292486 7
1723332043 1
172336774 1
1725555576 2
1725863795 1
1726567385 1
172710929 1
1727793300 4
1728123411 1
1728144560 1
1728942406 2
172902534 9
172920514 3
173049224 1
1730558546 8
1730698758 1
1731074075 1
1731087378 5
1731415622 1
1731527344 1
1732954797 2
1733323837 2
1733591999 8
173367307 5
1734123264 1
1734159756 9
1734179250 1
1734189419 1
1735872594 264
173651754 1
1737431712 1
1737800093 1
1737830926 2
1738689965 1
1738785689 2
1738900626 1
1739040337 1
1739305802 1
1739370799 1
1739509564 1
1739688331 1
173976517 2
1739834206 1
1740046668 1
1740806065 2
1741104343 4
1742080440 1
1742901939 1
1743667475 1
1744628130 1
1745166145 1
1745409945 1
174597688 1
1746058231 2
1746421409 2
1747486848 1
1747931830 3
174796099 1
1748672666 1
1748752412 1
1749577690 24
1750616120 1
175120326 1
1751680775 1
1751800407 1
1751923647 1
1752450899 2
1752702547 1
1754070452 2
1755737053 39
1757569177 8
1758185087 1
1758678113 1
1761109902 2
176198010 1
1762610931 1
1763613641 16
1764037950 1
1764149358 5
1764514621 1
1765857482 1
1766465376 1
176699005 1
1767134782 26
1767340182 3
1767977434 2
1768753328 3
1768986025 1
1770399727 31
1770431934 3
1770822292 2
1774410410 3
1774625117 2
177539700 3
1775649347 2
1776131521 3
1777222133 1
1778470328 4
1778472881 1
1780441566 2
1780691819 2
1780737989 2
178221560 1
1782415701 1
1782753136 1
1783828021 2
1784054792 1
1784282457 1
1784846631 1
1785010650 1
178569845 1
1785903114 3
1785954873 1
1786009161 1
1786472491 1
1786735008 4
178746722 5
178823754 44
1789781383 2
1792633489 2
1793639228 1
1794112522 1
1794541183 1
179492000 2
1795563253 1
1795685253 11
1796472628 1
1796799112 1
1798626433 1
1799346931 10
1801202312 1
1801730948 1
18019575 2
18031569 1
1803849896 1
1804383143 3
1804472673 1
1804799419 1
1805223414 4
1805497517 1
1806102089 1
180654463 1
180734978 2
1807654034 1
1808196782 1
1808428526 5
180973510 5
1809903316 1
1809968644 1
1811045462 1
1811523363 1
1811883657 1
1813790341 1
1813951329 3
1814053239 2
1814763375 26
1815390143 1
1815928402 1
1817033813 1
1818785949 1
1819364880 1
1819439710 1
1819755124 1
1819774935 1
1819939977 10
1820004847 1
1820231737 3
1820343551 1
1821266981 1
1822062519 1
1822432070 1
1822901031 2
1822941976 1
1823382239 4
1823461011 1
1823630649 1
1824369660 3
1825206321 2
1828025601 1
1828725357 1
1829088605 3
1832851000 4
1833292682 2
1835213511 1
1837224666 1
1837983672 1
1837986924 1
1838176896 1
1840050095 7
1840340807 2
1842423572 1
1842565582 1
1842806943 1
1843115459 1
1843426306 1
1843479434 2
1843924568 2
1843940222 1
1844786554 1
1845834284 1
1846214902 1
1846223508 1
1846246177 1
1846644933 3
1846728085 1
1846803646 3
1848335392 1
1849323568 1
1849788926 1
1850643810 4
185066292 1
1851004398 3
1851289589 1
1851766703 1
1852455591 15
1853120965 1
1854835398 1
1854948923 3
1855911991 1
1855998639 3
1856184019 1
1856763592 1
1857182690 2
1858316794 1
1859358141 1
1860938348 1
1861068718 2
186188173 2
1862955693 7
1863823322 9
186392175 2
1864561583 6
186470538 3
1865017526 1
1866581570 1
1866622994 1
1866866708 1
1867203262 1
1867914245 1
1868212522 1
1868563172 1
1869173570 1
1869834581 10
1870769617 1
1870880853 8
187102437 2
1871168495 9
1872317522 4
1872413845 1
1872419672 1
1874323811 1
1875116527 3
1876703045 1
1877134778 1
1877736077 1
187777827 1
1878168676 1
187963584 1
1879690063 1
1879791830 1
1879857769 6
188000132 1
1880339527 1
1881009638 1
1881082614 1
1881253327 1
1882009358 1
188245866 1
1882728902 2
1882855125 1
1883328019 2
1884020912 1
1884285488 1
1884438824 3
1884872959 1
1884984846 1
1885242573 1
1885461794 3
1885741172 1
1885926248 1
1885965122 1
1885992373 4
1889770996 2
1890187268 1
1890421619 2
189242103 1
1893652695 12
1894045447 1
1894125411 3
1894242022 1
1895208777 1
1895310243 1
1898396504 2
1898436478 1
1898789611 1
1898991246 1
1900029571 12
1900267874 1
1900374563 1
1900376317 4
190048062 3
1900580231 1
1900732882 12
1901146551 1
1901398175 1
1901511972 1
1902277900 1
190275651 17
1903115395 2
19036424 1
1904065206 1
1904181162 1
1904333763 1
1905210248 6
1905285535 1
19063111 1
1906378068 2
1907238640 1
190793745 1
1908070637 1
1908084183 1
1911214892 1
1911502352 1
1913014469 1
1914054328 1
1914403187 1
1914905632 1
1916285910 2
1916406830 1
1917116048 3
1917325908 1
1918114752 1
1918687584 1
1918890810 2
191948370 1
1919658051 4
1920575010 7
1921535889 1
1921998746 7
1922803899 1
1922862838 1
1923212580 1
1924214372 1
1924994481 1
1925115057 1
1925966670 1
1926664031 1
1926675828 1
1926864213 1
1927011074 1
1927980776 1
1928676477 1
1928753205 1
1928884560 14
192963692 162
1930448564 1
1931866846 1
1932191945 1
1932443887 1
1933241458 1
1933859759 2
1935600498 1
1936217105 1
1936378720 1
1936503044 4
1937170179 2
1938151353 1
1938492195 1
1939663590 2
1941953018 1
1941991831 1
1942275917 1
1942601821 3
1942605368 1
1942643526 2
1943709101 1
1944105776 1
1945484424 2
1945549302 3
194660236 1
1946716111 1
1947482304 2
1947776688 1
1948018429 5
1948851704 1
1948976025 5
1949021722 1
1950811562 7
1950853344 2
1950870384 1
1951116065 3
1951824354 1
1952031211 2
1952341080 4
1952470250 1
1952873691 1
1952946827 1
1953199057 2
1953257921 1
195370630 7
1954283136 1
1954423053 1
1956211034 1
19569517 3
1957515018 2
1958296221 1
19605893 1
1960732394 2
1961181152 1
1962289263 1
196234296 1
1962930815 1
1963007498 1
1963159145 3
1965679091 1
196597456 1
1967851985 1
1968895710 1
1968959145 2
1968978253 3
196963796 1
1970177883 1
1970527948 18
1970619019 1
1971154456 2
1971195228 1
1971210796 1
1971311960 1
1971350435 1
1972118085 3
1972345156 2
1973632747 5
1974690338 1
1975013149 1
1975034716 1
1975754811 1
1976176973 1
1976693752 1
1978162151 1
1978341065 1
1978346591 1
1978457300 2
1978873484 1
1979598086 1
1980325670 1
1980905896 1
1980992937 2
1981038116 4
198238666 1
1982581496 1
19831524 2
1985344897 2
1985807887 1
1986056333 1
1986144228 1
1987719246 2
198775076 1
1988006675 2
198856532 1
1989482857 1
1990436963 2
1990490564 1
1990887095 1
1990990383 2
1992376924 1
1993688868 3
1995418212 1
1996359760 1
1996605316 3
1996619415 1
1997366483 3
1997537174 1
1997948280 2
1997993786 1
1998084495 1
199849037 1
1998530203 2
1998560759 1
1999131196 1
1999605134 1
2000748504 1
2000829722 4
2001249856 1
2001398457 1
2002243183 2
2003219094 1
2004364216 4
2004712953 1
2006308182 1
2006456583 1
20070300 1
2007454683 1
2007477592 1
2007953382 3
2008062605 2
200810907 1
2009384770 3
2010237732 2
2010580243 1
2010986805 5
2011525352 2
2011902193 1
2012038954 1
2013377499 4
2013771782 1
2013849305 4
2014066255 1
2014293703 1
2016357166 1
2017131466 4
2017299687 3
2018454408 1
2018896492 1
2019071672 3
2019145576 1
2019485034 1
2019866290 1
201988212 1
2020584219 1
2022472566 1
2023007012 2
2023201979 1
2024200101 1
2025263836 3
2025759627 5
2025980341 2
2027566332 1
2027758635 2
2028325921 1
2028694429 1
2028898104 1
2029558509 1
202987018 1
2029888986 1
2029952580 2
2029961644 2
2030070818 10
2030481671 1
2030599472 1
2030668806 3
2030722276 1
2032552751 1
2032582977 1
2033462486 1
2034155618 1
2034176087 1
2034213331 1
2034541686 2
2034881387 1
203529889 1
203613985 1
2036503994 4
2036531816 1
2036650362 1
2036991943 4
2037461811 1
2037524737 1
20389345 2
2039949679 5
2040116520 1
2041993485 1
204294085 1
2043915820 1
2044338643 1
2044452884 1
2045083069 1
2046120209 1
2046459300 2
204683209 2
2047661887 7
2047979141 1
2048358550 1
2049292443 1
2049380710 1
2050715055 2
2051050525 1
2051324030 8
2052775793 1
2052791694 1
205328135 1
2053624475 1
2053793790 1
2054395609 1
2054429365 2
2054904053 9
2056355156 1
2056444692 1
2056756212 2
205685677 1
2057066272 2
2057475318 1
2057498138 1
2057971127 7
2058144047 3
2058150995 1
2058271492 1
2058878982 2
2058966726 1
2060727122 6
2061497607 1
2061996503 3
2063351648 1
2063677169 3
2064677887 7
20648035 1
206500021 2
2065112381 2
2065602579 1
2066601950 1
2067223782 1
2067460798 1
2067645274 2
2068043298 1
2068091787 1
2069677165 3
2070179996 1
2070651277 1
207067589 1
2070868764 2
2073110691 2
2075782917 1
2076228232 1
2076254893 3
207669012 1
2077812315 1
2078075223 2
2078225494 1
2078709081 1
2080252195 1
2080362334 1
2080518266 2
208091967 1
2081383833 1
2082012631 7
2082552150 1
2082938025 1
2083442534 2
2084957910 12
2086245758 1
2086458643 1
2086861533 1
2088072056 1
20882380 2
2088749945 2
2088828435 1
208896048 9
2089243898 8
2089415352 2
2089452709 4
2089510929 6
208985572 1
2091479108 1
2091525010 1
2091694125 1
2092037113 1
2092093804 3
2092578928 1
2092739619 1
2093685659 2
2093834651 1
2094329336 1
2095150509 1
2097225910 1
2097412548 1
2099092332 1
2099100028 1
2099860654 1
2100329627 1
2100627178 1
2101213020 1
2101896241 1
2102462138 1
2103026369 111
2104217191 2
2104218243 1
210433139 1
2104367386 1
2104951674 1
2105860917 3
2106028411 1
2106599819 3
2107765052 1
2107798763 6
2108124195 1
2108208202 1
2108467616 3
2109205161 1
2109240477 1
2109256031 1
2109468467 1
2109766653 1
2110688600 1
2111276430 1
2111845739 1
2112458282 36
2112874760 3
2113065306 3
2114277605 2
2114538265 1
211459979 1
2115332098 1
2115589779 1
2116035980 45
2116318394 1
2116660536 1
2119849761 3
2120937632 2
2121090727 1
2121487634 1
2122155689 1
2122959130 3
212379418 2
2124691753 1
2124817673 2
2124931786 1
2124947398 1
2125338020 1
2125420801 1
2125861149 6
2125894386 1
2125944570 3
2126792010 8
2127681313 1
2128688805 1
2129738017 1
2130164572 6
2130205773 2
2130374006 3
2130981405 2
2131028256 8
213107509 1
2131707231 1
213241311 8
2132511232 1
2133871644 8
2134610950 1
2136002879 1
2137130037 1
2137385199 1
2137855283 1
2139063708 2
2139404619 1
2139517422 3
2141411150 1
2141684484 1
2141684768 1
2142928087 4
2143425675 1
2143457480 12
2144838721 1
2144920887 2
2145729807 1
2146040061 1
2146746503 12
2147726152 1
214852299 2
2149003629 3
2149226158 1
215094643 1
2151400966 1
2151625955 1
2152225117 2
2152638198 1
2152651071 1
2155077711 1
2155078618 1
2155388616 1
2155654957 2
2156925265 2
2157844309 1
2157844391 1
2159165567 4
215919386 1
2159374888 1
2160014923 12
2160809250 1
2161035326 3
2161064271 1
2161081685 370
216159237 1
216204855 1
2162491531 2
2163140969 12
2163659569 1
2163883573 1
2164682611 5
2165287771 1
216660242 3
2167277070 1
2167684452 13
2167948585 1
2170873234 1
2171445357 3
2171785950 1
2172409147 1
2172820796 1
2173057912 1
2173342646 1
2173514594 1
2174201680 1
2174874561 1
217542040 1
217580500 2
2175842251 1
2176116799 1
2176477824 1
2176847832 2
2177130562 2
2178239451 1
2178780573 1
2179343042 1
217944727 1
2179863145 1
218021475 1
2180388031 1
2180970658 1
2181052017 1
2181149648 1
2181362594 1
2181493653 1
2181658224 1
2181736702 1
2181827700 1
218291790 1
2182934214 1
2182957732 1
2183103918 21
2183757760 1
2185672986 5
2188147683 1
2188747714 1
2188857480 1
2189049612 17
2189568253 2
219076114 19
2191065457 1
2191256 3
2191467821 22
2192112755 1
219431106 2
2194394643 7
2195104391 3
2195914255 1
2198690861 1
2199331003 1
2199632929 3
2200348307 4
2200938059 1
2201558597 1
2201936292 1
2202649776 1
2202759104 3
2202776230 4
2202792169 1
2202798457 1
2204193569 3
220454022 2
2205237350 1
2206367242 1
2206440323 2
2206535192 1
2207218285 1
220940131 1
2209405454 1
2210115755 1
2210726415 1
2211138393 1
2211192176 1
2211631454 1
2211695866 1
2212446668 1
221292767 1
2212978868 2
221304727 6
2214169552 2
221434752 1
2216141456 8
2216269803 3
2217030376 3
22180649 1
221827136 1
2218737043 1
2218918375 1
2219025539 1
2221087384 1
2223138242 1
2223188276 1
2224096775 1
2225070794 1
2225084206 1
222535713 1
2225369750 1
2225994113 1
222603323 1
2226649870 1
2227381831 20
222790257 1
222819091 1
2228197332 1
2228549907 1
2229983771 1
2230448468 1
223055169 1
2230883276 1
2231016477 1
2231035885 8
2231096350 2
2232659011 3
2232932965 4
2232947498 2
2233705026 1
2234880484 2
2234918753 1
2235629084 7
2235891052 2
2238551532 2
2239546940 10
2239567444 1
2239670084 3
2239976941 2
2240291416 1
2240824673 1
2241846153 1
2242972678 1
2243123610 1
2244261048 1
2246678558 2
2247837398 6
2248311424 1
2250224499 1
2252198411 1
2252796413 1
2252887477 1
2254167605 3
2254229778 1
2254314779 1
2254942941 24
2255045589 1
2255330105 4
2255431656 1
2255856606 1
2255880778 1
2256755438 1
2257316369 1
2257675929 1
2257696976 1
2257699168 83
2258020414 1
2258026114 1
2258961850 2
2259554564 5
226116017 5
2261596858 5
2261682436 1
2262500162 1
226256995 2
2263005367 22
2264786662 15
2266669495 2
2267795537 7
2267873856 1
2267955568 1
2269880365 1
2270465549 1
2271419130 1
2271499158 2
2272589666 1
2273666915 1
22736774 1
2273719451 4
2274991302 5
2276259572 1
2277565097 2
2277797074 1
2278891085 1
2279162572 6
22791924 3
2279384371 1
2280077440 1
2280204379 1
2281694081 4
2281761364 1
2283188872 1
2283256568 1
2284158742 5
2284353003 1
2284623914 1
2284902735 1
2285056937 2
2285393208 8
2286334456 1
2286591608 1
2286755852 1
2286837716 1
2286868901 2
2288352270 1
2288493848 16
2288610472 1
2288908762 1
2289274471 1
2290239787 1
2291990416 2
2292912555 1
2293006293 1
2293115884 1
2293416893 1
2293888606 1
2294450362 1
229446945 45
2294903280 4
2295243318 1
2295319839 1
2297700126 1
2298519942 1
2298661630 5
2299083078 1
2299588725 2
2301367460 1
2302170385 2
2304100483 1
2305192125 4
2306026589 1
2307339361 1
2307516463 2
2307924992 1
2308296044 1
2308669442 4
2308904611 2
230939504 2
2310369541 1
2310540582 4
2310967581 1
2311052856 1
2311516466 5
2311663808 1
2312454391 1
2313974626 11
2314139748 1
231515644 8
2315249972 1
2315416156 1
2316873333 3
2317398813 2
2317447135 1
2317459514 3
2317833630 1
2317981621 1
2318294356 1
2318376340 1
2318479520 1
2320401680 3
2320405827 1
2321419740 1
2321433990 1
2321894732 1
2322502030 2
2323087621 3
2323489844 1
2323976562 2
2324846737 18
2324952469 2
232510134 2
2325318101 45
2326158738 6
2326196891 2
2326577497 2
2326654986 3
2327300205 2
2327830044 4
2328086463 1
2330054511 1
2330985162 1
2331504397 10
2332706440 1
2332761242 1
2333018040 2
2334183140 11
233441630 1
2334523211 2
2336121668 1
2337567208 1
2337583652 1
2338239628 3
233825564 1
233891881 4
2339798955 2
2339938200 1
2341634776 2
2342014734 1
2342294791 1
2343215853 1
2344658403 1
2344852248 1
2345312829 2
2345417562 1
2346350526 4
2346831375 3
2347824433 1
2348551733 1
2350584528 1
2351362586 1
2352258720 1
2353170755 1
2353466671 1
2354817030 1
2356126382 2
2356492321 1
2356994501 1
2357181611 2
2357478665 2
2358415921 1
2358585402 1
2358919467 6
2359053405 3
2359127268 1
235980083 2
2359833181 1
2360634051 1
2360757106 1
2361658780 1
2361734779 1
2362083863 9
2362099348 1
2362951365 3
2363233923 1
2363387183 2
2363738782 1
2363802049 1
2365238389 1
2365799589 2
2365851389 1
2367188200 1
2369585760 1
2370029106 1
2370933965 9
2371418243 89
2372336118 1
2374058305 1
2374323177 1
2374329867 1
2375137818 1
2375253699 1
2375266169 1
2375669248 1
237725592 1
2377738928 1
2378953543 1
2379540018 1
2379729839 157
2380505941 1
2381040547 16
2381133474 1
2381354695 2
2382006903 2
2382473749 14
2383125111 1
2383738215 42
238398772 6
2384008858 1
2384410890 2
2384743107 1
2384961138 1
2385081535 1
2385299937 2
2385612437 2
2386795808 5
2387006351 1
2387214881 1
2387667827 1
2387995662 1
2389953377 1
2392090304 1
2392235691 2
2392597935 1
2394362350 1
2394915961 1
239532993 1
2395470005 1
2396059163 2
2397053228 3
2398540347 1
2399441629 3
2400044362 2
2400972936 1
2401126106 100
2401161276 3
2401233008 1
240204307 1
2403090186 1
2406450945 1
2406469970 1
240808826 1
2410314518 2
2410869653 12
2411541062 1
2411541547 1
2412438032 1
2414246897 4
2414756600 1
241501004 4
2415666920 1
2415965316 1
2420497370 1
2421937576 1
2422183670 1
242266148 1
242363701 1
242374466 7
2423943321 1
2426298657 2
2427013006 1
2427582570 1
2427801682 1
2427856825 1
242827794 1
2428976721 2
2430100043 1
2431257560 4
2432148180 1
2433528927 1
2433727385 1
2434085895 2
2434253392 1
2435210589 1
2435550624 1
2437240985 1
2437313988 2
2437316655 1
2438357473 1
2439350660 1
2439726060 2
2439822647 2
2440074642 1
2440381695 1
2440857690 2
2441069496 1
24434885 2
2445695606 1
2445869118 1
2446340920 2
2447000955 1
2448424751 1
2448620786 1
2448936176 1
2449426337 1
2450134526 1
2450139505 2
2450466759 1
2451499237 2
2451959885 1
2452300183 1
2453019385 6
245338307 5
2453490042 4
2453643001 1
2453895255 1
2454647965 1
2454796541 1
245510417 1
2455966364 3
245634260 1
2456370395 1
2456613135 1
2456698002 1
245681030 1
245732308 1
245743778 1
2458172906 1
2458579547 2
2458688063 4
24598092 1
2460748852 1
2461186675 2
246145362 1
2462385548 1
2463122110 1
2463284962 1
2463678550 1
246447207 1
2464566545 1
24648428 1
2465052393 2
2465099360 1
2466513024 1
2466800883 1
2466944857 1
2467020520 1
2467724356 47
2469824948 3
2469923808 3
2470138966 1
2470722977 1
2471363557 1
2471977347 5
2472367602 1
2473269810 1
2474159109 4
2474232003 1
2474730950 6
2475120360 3
2475545490 3
2475898202 1
2477949731 6
2477975773 1
2478225136 20
2479737706 3
2479938575 1
2480528556 5
2481904127 24
2483809238 1
2484075928 1
2484879092 2
2485090681 1
2485695924 1
2485749826 2
2485806911 2
2487678861 2
2487679508 3
2488489808 1
2488751995 5
2488888802 1
2488890967 45
2489398366 2
2489876598 1
2489939374 21
2490123947 2
2490223084 1
2490419850 1
249045487 1
2490954209 1
2491384336 1
2491791495 3
2491937785 1
2492497773 1
2492961464 1
249357714 62
2493581698 4
2493641287 1
249421091 1
2495253058 17
2495807284 1
2496014019 2
2497336300 1
2498118603 1
2498154380 1
2498323422 2
2498359547 2
2498520242 3
2498557013 1
2498984741 2
2499131768 1
2499533225 5
2499602081 1
2501271535 1
2502211533 1
2502302550 1
2502747699 1
2502903679 3
2503128950 1
2504637737 1
2504764093 3
2505529766 1
2505801415 6
2507456258 1
2507646869 2
2507917667 1
2508185992 1
2508354582 3
2510272342 1
2510340632 1
2511869007 1
2512306872 1
2513173056 10
2513995238 1
2514279467 17
2514619589 1
2515668076 1
2515921345 1
2515932672 2
2516235983 1
2516382615 1
2516859585 1
2517112348 21
251760893 1
2518379150 1
2518983600 1
2519174106 1
2520029926 3
2520282792 1
2520572526 1
2521164845 1
2521946078 3
252309949 1
252329381 1
252342634 1
2524284416 1
2524654552 1
2524703815 1
2524706516 3
2524830026 1
2525639513 1
2525701477 1
2526670232 1
2526827333 1
2527147517 1
2527793798 1
2528028530 1
2528900113 1
2529117072 1
2529554385 2
2530546993 1
2531364629 3
2532027661 4
2532519674 1
2533799378 2
2536046610 12
2536414090 1
2536681955 2
2539025286 2
253925385 1
2540363174 1
2540823804 45
2541227442 3
254156023 1
2541730810 2
2542086236 2
2543395092 1
2544815762 1
2544854815 1
2545647958 1
2545727408 1
254621580 1
2546342817 1
2546375574 3
2546611607 1
254728800 1
2547321458 2
2547571573 10
2547712521 1
2549383953 1
2549422911 1
2549477914 1
2549522330 1
2549927176 1
255009722 1
2550227006 2
2552264003 1
2552298191 1
2552800968 1
2553186774 3
2554137866 1
2554746584 1
2554956762 1
2555302364 1
2557265724 4
2558461537 2
2559145497 1
2559430607 1
2560466139 1
2562163343 1
2562782105 1
2563272264 1
25635978 5
2564404742 8
2564498952 1
2566019917 1
2566526378 2
256653416 1
2566612978 1
2566941586 1
2567030934 2
2567487769 2
2568005462 1
2568050598 1
256817933 4
2568560754 1
2568986601 1
2569016645 2
2569469968 6
2570307406 1
2570475575 1
2570623096 1
2571033187 1
2571480860 1
2571776042 1
257219556 1
2574018314 1
2574332112 1
2574415079 1
2575067213 1
2575268205 1
2578190652 1
257823097 1
2578610034 5
2579900112 2
2580248597 3
2581628217 1
2581656762 3
2582365667 1
2582389561 2
2582620851 1
2583218985 1
2584170751 1
2584473831 1
2585661144 2
2585960199 1
2587297058 4
2588700174 4
2588743553 1
2589112755 1
2589268686 1
258950352 1
2589562967 1
2591453464 1
2591779661 2
2593283714 1
2593712656 1
259372995 1
2593742856 1
2594649684 2
259486302 3
2595424324 1
2595476827 2
2595528690 1
2596507314 2
2596967529 2
2597138754 1
2597348324 1
2598091026 2
2598658634 1
2599635803 1
2600091515 2
2600771448 3
2601002723 1
2601340382 5
2602351427 1
2603112729 3
260382221 1
2604257500 1
2604268369 1
2604481706 2
2604546326 1
2604756507 1
2605469554 2
26068495 1
2606988670 5
2607105607 1
2607600700 3
2607789469 1
2608095582 2
2608445185 1
2609176542 1
2609243905 1
2609914511 3
2610083461 1
2610916430 3
2611652116 1
2611978579 2
2612229635 5
2612768606 2
2613232095 1
2614343676 1
2614817562 1
2615416910 2
261613181 3
2616545417 1
2617288928 1
2617404126 1
2617639587 5
2618231219 1
2619142499 3
2619525060 1
2620721557 1
2622023092 1
262233183 1
2623380753 1
262344535 1
2623727873 2
2624290365 1
2624935737 1
2625009649 1
2625267748 1
2625472163 1
2625611874 1
2626023589 1
2626648545 1
2627027839 1
2627070768 1
2629368671 1
2629407511 1
2630200342 1
2630206547 1
2631940675 2
2632214687 1
2632793899 1
2633541176 1
2633618129 5
2633723068 1
2633804397 1
2634175646 7
2634271406 1
2634890977 1
2634920925 2
263503608 3
2635156441 4
2635797324 4
2636129713 1
2636820302 1
2637210456 1
2637366318 1
2637506209 1
2638109919 1
2639631067 1
2640907025 1
2641512473 1
2641575245 2
2641851157 1
264206632 1
264219648 1
26423134 5
264380665 2
2644456028 1
2645940042 1
2647451675 2
2647782687 11
2647971771 1
2648143989 1
2648210984 3
2648215540 2
264942163 1
2649700988 39
264979256 1
2650627164 1
2650951893 1
2651259563 1
2651771827 1
2651955894 1
2652784025 1
2652821708 2
2654052212 1
265426883 1
2655001252 1
2655682851 4
2656340644 1
2656500886 1
2656960866 1
2657603752 1
2658005834 2
2661097440 1
2661885769 1
2662441217 13
2663278099 1
2664640335 2
2664677555 1
2664712801 4
2665402999 1
2666021061 1
2666375303 1
2666417456 3
2667371834 1
2667603129 1
2668281575 3
2669449814 1
2669545669 1
2669636389 2
2669927728 3
2671539104 1
2671635457 1
2674157875 2
2674374296 4
2675158911 1
2675222319 1
267556868 1
2677590537 1
2677667912 5
2677864526 1
2677931510 1
2679019231 1
268062227 1
2680843799 1
2681406813 1
2681630247 1
2683082106 1
268355849 1
2684477486 3
2684564114 1
2684812913 5
2686846013 2
2687401892 1
2689470140 1
2689509611 1
268998844 1
2690030792 1
2690745165 3
269155047 1
2691639112 2
2692551723 1
2692951425 1
2693563619 1
2693852207 1
269408157 4
2694123103 1
2695260652 1
269591820 3
269774347 3
2698173468 1
2698729206 1
2698744982 6
2699016759 1
2699247792 1
2699358009 1
270009510 1
2700324791 1
2700389251 1
2700578551 2
2700693984 2
2701003054 1
2701571219 7
2701807737 1
2701851869 1
2702463923 1
2702944302 1
2703375936 1
2703741054 1
2703770361 1
2703784608 1
2704434698 1
270553670 1
2705588247 1
2705760110 1
2705789163 1
270641167 1
2706961856 2
2707619978 2
2708286926 3
2708655994 4
2708675880 9
2709048645 1
2709099843 1
2709223153 1
2709566888 1
2709642263 1
27099975 1
2710126225 1
2710386880 1
2710997833 1
2712262234 3
2712741434 1
2712849850 1
2713874136 1
2714747478 1
2714788058 2
2715628639 1
2715833263 3
2716048698 1
271689655 1
2717033716 1
2717369695 1
2718608069 2
271931198 4
271934992 1
2720007214 1
2720627991 1
2721086417 2
2721411915 1
2721502631 1
2721502756 2
2722078781 23
2722482160 1
2723422691 7
2724091559 1
2724109716 1
2725021986 1
2726277805 1
2727062444 1
2727394869 1
2727511422 13
2727879166 1
2728037958 1
2729998895 14
2730304859 1
2733696122 3
2733704643 5
2734255474 1
2734328260 34
2734521415 1
2734581465 29
2734711975 1
2735131173 1
2735798477 1
2737078558 2
273728122 1
2738025504 130
2738382694 1
2738449745 1
2738450572 3
2739135721 13
2739314085 1
2739328952 3
2740291778 1
2740658562 60
2741745045 7
2743809870 2
2743984054 2
2744151824 4
2744459447 1
2744581185 1
2745015405 1
274520577 1
2746335589 1
2746524627 3
2746623321 5
2746685170 1
2746968737 1
2746999403 1
2747053277 1
2747581728 1
274789032 1
2747935708 2
2749588369 1
2750482140 1
2750635585 1
2750764346 1
2750979829 2
2751089265 10
2752546004 6
2752703076 1
2752847867 1
2752986795 1
2753270285 1
2753594289 1
2753695364 2
2753778768 4
2754199066 42
2754964041 1
2755473153 22
2756263990 1
2756409760 1
2756860872 2
275689392 1
275914160 1
2761095327 6
2761379462 1
2761576660 4
2761695356 1
2761749445 1
2762455693 1
2762914871 3
2763520708 5
276358317 1
2763828202 2
2764368421 1
2764866507 3
2766265086 1
2766590348 1
2766739296 3
276747034 1
2767678967 2
2768074768 324
2768080490 1
2768332137 1
2768382232 1
276932268 1
27710059 1
2771032930 1
27719712 3
2773008369 1
2773526038 2
2774908305 1
2775363590 8
2775912335 39
2776104369 1
2777401377 1
2777967990 2
2778145952 2
2778758315 4
2780118584 1
2780920448 5
2780971553 2
2781286840 1
2781425430 2
2781426726 1
2782299466 2
2782429860 1
2782508339 1
2783477610 1
2783634490 1
278448831 4
2784573131 1
278464693 1
2784776677 1
2785504345 2
2786888723 1
2788218935 1
2789441870 1
2790261942 1
2790581373 1
2790775735 2
2791081848 1
2791118106 1
2791928083 1
2793175409 13
2795449021 1
2795574855 1
2795866330 2
2796261511 1
2796371106 1
2796416519 1
2796428753 3
2796645743 1
2796758497 1
2796866737 1
2796993247 1
2797023130 1
2797368754 2
2797607337 2
2798093890 1
2799651646 2
2800547239 1
280080404 6
2801001968 3
2801075979 2
2801327408 2
280142957 1
2801507348 1
2801716134 1
2802161382 1
2802428979 1
2803802368 1
2804416080 1
2804551263 73
2805800125 1
2806102983 3
2807250331 1
2807513005 2
2807830965 2
2808141225 2
2808747499 1
2809619649 1
2809699235 1
2809960628 2
2810087667 1
2810249574 2
2810541707 1
281146089 2
2811681960 1
2812575486 2
2813030481 1
2813249233 1
2813305165 2
2813447736 7
2813550844 1
28136435 1
2813700020 1
2814817592 1
2815779924 2
2815843755 1
2816312396 4
2818183870 2
2818330038 12
2819069237 2
2819307578 1
2819968560 2
2820050292 2
2822240829 1
2822260813 1
2822906667 1
2823281121 1
2823737812 1
2825432531 1
2825580570 4
2825857225 2
2825933339 5
2825942009 4
2827113576 1
2828300907 1
2828668102 1
2831052058 3
2831239972 10
2832207751 1
2832275348 1
2832796673 1
28329900 62
2833295452 1
2834001981 1
2834541937 1
2834583032 1
2835014685 1
2835023077 1
2835091626 3
2835449759 1
2837796462 7
2838007362 2
2838099341 1
2839143816 1
2840092379 1
2840122297 2
2841749395 1
2842262496 2
2842283013 1
2842299400 1
2843452888 1
2843998011 12
2844121397 1
2844578472 1
284472050 1
2845455349 1
284560144 1
2847195845 8
2847245090 1
2847404580 2
2847989526 6
284821510 1
2848752679 1
2849124558 1
2849835201 1
2850159270 1
2851321495 2
2851812492 1
2852488930 2
2853402036 3
2854975518 4
285502432 2
2855662068 1
2855687829 1
2855719987 14
2856112674 3
2856153416 10
285653605 22
285664025 1
2856872191 1
2857877712 1
2858063018 1
2858683466 1
285888967 1
2859757014 7
2859926946 7
2860884194 9
2861380622 3
286283840 2
2863052006 1
2864585894 2
286516831 2
2865445478 1
2865484524 1
2866943299 2
286726129 1
2867908947 1
2868289306 1
2869425579 2
2869510918 1
2869661198 2
2869759352 20
2869906700 1
287010677 1
287068300 1
2871028729 1
287162665 19
2872589087 1
287322385 2
2873534545 1
2873598570 2
2874752610 1
2875714345 1
2876878579 3
2877177815 1
2877178056 7
2877189492 1
2877718912 4
2877889943 1
2878117148 5
2880097806 1
2880322172 1
2881642967 1
2882761821 1
2883636450 1
2884134610 1
2885262125 1
2885478921 2
2886578049 3
2886699178 4
2886880567 2
2887375286 1
2887700219 1
288988754 1
2891193437 6
2891753489 2
2891864611 1
2892231197 1
2892299947 1
2892310447 1
2892901444 1
2893114241 2
289327296 1
2893868870 7
2894857349 3
2895420198 1
2895494049 10
2896159712 1
2896498393 2
2897793614 3
2898048242 1
2898215246 1
2898358733 2
2900032557 13
2900045280 1
2900183176 2
2901397438 1
2901603621 1
2901785944 3
2901972240 1
2904113350 1
2905452451 1
2905705543 14
2906145532 1
2906438616 1
2906646875 1
2907146666 3
2907386939 78
2907893437 1
2907918735 1
2909028276 5
2909646187 3
2909888965 1
2910476649 1
2910890416 379
291174146 2
2912265095 1
2912771671 2
2913273835 1
291619691 1
291688805 1
291886953 1
2919196540 1
2920844026 1
2920869210 1
2922775556 5
2922834342 6
2922884679 1
2922956930 2
2923346808 1
2923718905 3
2924553122 6
2924776131 1
2925287849 3
2925327505 1
2926426837 1
2926679158 1
2927000484 1
2927480227 2
2928391113 1
2928761079 1
2929469503 1
2929910783 1
2930355643 1
2930933332 1
2931655408 1
2932494934 1
2932745988 1
2933190188 7
2934277052 1
2935151466 1
2935349094 1
2935838629 7
2936960514 3
2937341090 2
2937518210 11
2937678298 1
2937971996 2
2938112462 1
2938430780 1
2938487750 1
2939287650 1
2939445030 1
2939808405 1
2940183749 1
2940840160 2
2942181998 12
2943759825 1
2945052739 3
2945083923 1
294639300 1
2946464416 1
2946992374 11
2947953384 1
2949264730 5
2951020718 2
2951343672 1
2953671997 271
2954452185 2
2955520748 1
2955732478 1
2955794173 1
2955870064 1
2955983646 1
2957072093 1
2957412268 2
2957527329 1
295808264 1
2958124612 1
295823881 34
2958789239 1
2959246715 1
2959463390 1
2959739782 1
2962043819 1
2962175454 1
2963375209 1
296416954 1
2964523693 1
2964868211 9
2965714569 1
2966237431 1
2966766548 14
2966871051 3
2967032173 1
2967106746 10
2967606403 1
2968182810 1
2969535594 1
2969615012 1
2970703081 3
2971479516 18
2971515252 1
2971706020 2
2971803841 1
2971965351 1
297198323 2
2972298699 1
297472628 3
2975715995 1
29757487 2
2976741312 1
2977007367 13
2977765754 1
2978998474 5
2979397524 3
2980510898 1
2980594643 8
2981884386 1
2981909081 1
2981977237 1
2982167595 1
29826871 1
2982729983 1
2984083040 1
2984439650 2
2984659758 1
2985296670 1
29853320 2
2985845881 2
298648769 1
2987400168 3
2987905179 1
2987963853 1
2988851617 1
2990082066 1
2990998099 1
299134087 1
299197227 1
2993680896 1
2994176338 1
2994416980 1
2994755680 1
2995072861 1
299537812 1
2995716244 1
2996104342 1
2998601564 5
2999236925 1
3000522160 2
300054036 1
3000992143 1
3001425800 5
300144870 1
3001529374 2
3002702413 6
3002715061 1
3003863059 1
3004628399 1
3005308757 1
3005727021 1
3005960810 1
3006823147 1
3007031075 27
3007062027 1
3008547934 1
3009093172 3
3009452357 2
3009462463 1
3010359839 1
3010369818 1
3010882934 1
3011399380 2
3011921339 1
3012699537 2
3012911345 2
3013951898 2
3014505223 1
301491120 1
3015302462 1
3015346313 1
3016559632 2
3017163924 1
3018468373 1
3019343597 1
3019547920 1
3019606125 1
3020257363 1
3020415099 1
3021362985 1
3021523151 6
302215677 1
3022596131 1
3024089888 1
3024739681 1
3025284514 1
3025558928 1
3025567426 1
3026121320 1
3026587633 1
3026964177 1
3027200049 2
3027325494 4
3029271103 1
3029528803 1
3030333217 1
3030372738 5
3030484221 1
3031192366 1
3032086474 3
3032469882 2
303293602 1
3033023456 1
3034229289 3
3034416413 7
3034819098 1
3035264624 1
3035430760 1
3036181129 1
3037110714 3
303717386 7
3037348083 3
3037654149 3
3037805182 2
3038079860 1
3038121781 1
3038492845 3
3039238568 1
3039248787 1
3039943112 1
3040220148 1
3041136215 13
3041502083 1
304237300 1
3042805725 1
3043110261 1
3043491234 1
3044012519 1
3044368961 1
3044799804 1
3044969233 1
3045315807 1
3045653690 4
3046139097 1
304684599 1
3047595160 3
3047900170 1
3048411974 1
3048688882 1
3049634282 2
3049705026 1
3051201278 5
3051949567 4
3053385907 1
3053840415 1
3053940101 4
3054259569 29
305443295 1
3054590908 26
3054605933 1
3055630760 1
3055641016 1
3055711782 2
3055797515 1
3056003137 1
3056358424 2
3056542515 1
3056580923 1
3056947754 1
3057117103 1
3057153914 1
3057202493 3
3057667701 1
3060032243 1
3060365043 1
3061624030 2
3061855277 1
3061869990 5
3062892100 1
3062896588 1
3063223610 1
3063794918 1
3064002766 1
306419219 5
3064323862 3
3065371367 1
3066077642 1
3069814586 1
3070101353 1
3070369760 1
3071121951 1
3071210131 13
3071427514 1
3071628014 1
3071888729 1
3072081056 5
3072261644 1
3072434446 1
3073092457 1
307329778 1
3073413579 1
3073615506 8
3074453666 4
3075898697 10
3076496300 1
3076970325 1
307812478 1
3079207437 1
3081270402 2
3081440920 2
3081538212 1
3082065183 1
3082514493 2
3082713780 1
3082918965 4
3082935775 1
3083035423 1
3083154045 1
3083483813 1
3083725362 1
3084188872 1
3084383171 8
3084768866 1
3084845428 1
3085344832 1
3086358884 2
3086872325 1
3087105385 1
308782674 8
3088942475 3
3089089654 5
3089371953 1
3090891204 1
3092500109 1
3092642753 1
3093857997 1
3094061551 21
3095672308 2
3095925466 1
3096039737 1
309612811 1
3099146801 3
3100261987 1
310078067 1
3101118612 129
3101431548 1
3101867279 1
3102030586 1
3102058487 1
3102258561 1
3102695185 2
3104471998 1
3104552720 1
3105755323 6
3105781305 1
310846856 1
3108471291 1
3108642367 1
3108991242 10
3109064827 1
3109792717 4
3109857161 1
3110748624 1
3112717422 2
3113915754 1
311470147 1
3114858747 1
3114904199 1
3115972114 2
3116420459 1
3116481785 1
3116555680 1
3117009800 2
3117341404 1
3117595330 1
3117671439 2
3117805273 1
3118221229 2
3119596349 1
3119895875 1
3120311832 1
3121141883 1
3121561095 1
3121738447 2
312175937 2
3122025483 1
3123701184 1
3123882068 1
3125067539 1
3125488401 1
3126194876 3
3126566595 1
3127116363 1
3127556155 2
3127933617 1
3128081622 1
3128427451 1
3129232522 1
3129286044 2
312934097 1
3129798982 2
3129886196 1
3130167998 1
3131185646 2
3133085625 11
3133153991 1
3133188313 1
313377885 1
3134502539 1
3134505569 1
3134640240 1
3134888937 3
313498076 1
3135129645 567
3135188193 9
3135446797 1
3136198782 1
3136647737 1
3137648798 13
3139563753 2
3140149303 3
3140647493 1
3141054982 1
3141229879 2
3142475619 1
3142881698 1
3143394525 4
3144028683 1
3144046294 2
3144607073 4
3145595689 1
3145932417 1
3147032652 1
3147094436 2
3148485612 1
3148531095 1
3148746658 3
3151966151 1
3152644885 2
3153443211 1
3153762857 42
3153810406 1
3154084504 1
3154622547 2
3155420256 1
3155425342 1
315618436 3
3156795596 1
3157060800 4
3157767664 1
3158153146 5
3158909808 1
3159732231 1
3159870012 1
3160336450 1
3160590930 1
3160828473 1
3160841194 1
3161195724 1
3161773910 3
3162902547 1
3164664681 1
3164810486 1
3165220739 1
3165484173 1
3168556464 1
3169583260 1
316962683 1
3169894248 2
3170409313 9
3171274877 1
3171489336 1
3171593988 1
3174930521 1
3175275837 1
3175684743 1
3175840184 2
3176065219 2
3176148943 1
3176419045 1
3176837955 2
3176867974 1
3177131162 1
3177778685 1
3178440909 16
3179155403 1
3179576013 1
318022519 2
3180354888 1
3180689497 3
3180876688 1
318096533 1
3181758182 7
3182080223 2
3184115046 1
3185050753 5
3186088508 1
31867758 1
3187077324 2
3188220206 6
3188942551 3
3192132828 2
3193283031 1
3193980191 2
3194209345 8
3194520223 1
3194687945 1
3195489661 1
3196438700 1
3196470278 1
3196491939 5
3197360365 1
3199872872 1
3200264881 1
320155360 1
3202286158 1
3202422429 2
3202577137 3
3202667631 1
3203808393 2
3204050144 1
3204265932 1
3204969978 4
3205689532 1
3206202238 3
3208575696 1
3208594914 1
3208700161 1
3209924562 2
3209954023 2
3209978104 155
3210252232 1
3210314422 1
3210832781 1
3211281674 3
3211716137 12
3213181328 1
3213188370 1
3215110762 4
3215427615 1
3215456890 11
3215527031 1
3215657680 1
3218352737 2
3218787276 1
3219437292 1
3219501815 1
3220317689 1
3220626510 2
3220750242 2
3221327885 2
3222232235 1
3222550267 1
3222831866 1
3222862545 1
3223656972 1
322456044 1
3225446961 10
322546186 1
3225773948 4
3226373779 3
3227039406 23
3229929504 1
3230195724 1
3230422903 1
3230648987 1
3230687999 4
3230689899 1
3230921610 1
3231673436 1
3232169973 1
3232330431 1
3232554356 1
3232605098 1
3232808029 4
3233188466 1
3234110516 1
3235300122 1
3235951067 1
3236106101 2
3236722937 2
3237787979 2
3238938716 1
323947401 2
324043418 1
3242679418 1
324275359 1
3243010971 1
3243738834 1
324401663 2
3244545147 1
3244715550 1
3244856270 2
3245547563 2
3246419282 5
3246922733 1
3248142381 4
3248184531 6
3248617585 1
3249025334 1
325085203 1
3251209548 6
325122618 3
3251796552 1
325238027 1
3252877223 1
3253073198 1
3253769154 3
325389728 2
3254295134 1
3254299541 4
3254834892 1
3255479490 6
3256674838 4
325722305 1
3257792220 1
3257950765 1
3259819111 3
3260836289 5
3261202330 1
3261226753 1
3261435558 1
3262722470 1
3263187687 1
3263298005 1
3263701304 6
3264257584 1
3264416660 1
3265022852 1
3265300925 3
3266276116 1
3266708542 1
3267431279 2
3268539452 2
3268997859 2
3269404575 1
3269922787 1
3270436008 1
3270563173 4
3271136138 1
3271617964 1
3273073632 5
3274178467 1
3274250828 1
3274458783 3
3274813239 1
3275012375 1
3275611480 1
3275828056 1
3276799167 1
3277048522 2
3278109537 1
3278952108 1
3278980596 1
3279252334 7
3281792408 1
3282476164 1
3282610071 5
3282978039 1
3284355343 20
3284984368 1
3285890443 1
3286038182 2
3286142671 1
3286703181 1
3287688404 1
3287770606 3
3288267864 1
3289200377 1
3289315509 1
3289445338 1
3289820152 1
3291219511 1
3291404865 1
3292201022 1
3292301901 2
3292395973 1
3292482173 2
3293555121 1
3296021451 1
3296592554 1
3296957502 1
3297237846 1
3298104583 2
329904342 4
3299112751 1
3299699558 8
3301079475 15
3301452103 1
3301652575 1
3302069186 1
3302286813 1
3302522916 4
3303305725 1
3304807767 1
3304897007 1
3305225715 1
3306202275 1
3306692721 1
330721591 1
3307277269 3
330739228 1
3307677097 1
3307760553 1
3308334992 1
3308811757 2
3310825205 1
3312046779 1
3312834343 4
3313364848 1
33135459 2
3313628983 2
3314378220 1
3314715711 1
3315542284 1
3315871017 1
3316398797 1
3317660850 2
3317933642 1
3318408312 1
3319464183 1
332077980 1
3322189886 1
3322675089 1
332367468 2
3324248153 1
332500629 2
3325331968 2
3325386609 9
3325837032 1
3326482436 1
3326576171 1
3326962349 3
3327841674 2
3327994582 1
332817387 2
332927339 1
3329856414 1
3329969792 1
3331676167 1
3332476674 19
3332492324 1
3332623683 1
3332706940 1
3334315211 1
3334459881 1
3334636141 1
3335560928 1
3335924614 1
3336326785 2
3337403471 1
3337618679 3
333816351 1
3338185302 1
3338334923 2
3338620567 1
3339117462 2
3339966412 1
3340096480 5
3340211273 1
3340626907 1
3340839740 1
3341452333 2
3342980841 1
3342989980 2
3343303776 1
3344977085 1
3347466076 2
3349011249 2
3349471584 1
3349877863 1
3350231902 1
3351190372 35
3351412749 1
3351931051 3
3352008139 4
3353364582 2
3353734709 2
3354235398 1
335468094 1
3355090819 2
3355292371 8
3355896995 6
3356332538 5
3357102063 1
335756293 1
3358281535 2
335891811 1
3360001176 1
3360547460 11
3360985404 1
3361895446 1
3361963856 1
3362747804 2
3363273594 1
3365752834 1
3366245386 1
336627443 1
3367169176 1
3368012919 1
3368305796 2
3368440390 1
336845899 1
3369499615 1
3371168961 2
3371495970 1
3372128357 1
3372192516 2
3373286048 1
3373337969 13
3373744303 1
3373928952 6
3374389169 1
3374529742 1
3376665852 1
3377479011 1
3377601541 2
3379603818 1
3380039810 2
3380202607 2
3380265584 1
338046394 1
3380707580 1
3380970760 1
3381189620 1
3381518967 1
3382111657 1
3382509852 2
3382722560 2
3383448243 1
3383511772 38
3384348800 3
3384499442 1
3385057499 2
3385216830 1
3385907792 1
3385982989 1
338605317 4
3386703757 2
3388075355 1
3389056443 1
3389662068 2
3390760303 1
339322199 1
3394200273 4
3394272945 1
3395992205 1
3396249074 1
3397152517 13
3397291881 1
3397383768 1
3397545056 16
3397823819 1
3398584527 1
3399202354 1
340061755 1
3400634355 1
3401553439 3
3401874146 2
3401936616 1
340235962 1
3403183012 1
3403693048 2
3403760043 2
3404099716 1
3404642328 1
3406097684 1
3409680110 1
3409799586 2
3410747391 1
3411471838 4
3412109011 2
34123557 1
3412905971 2
3413619455 2
3414205813 1
3414425061 1
3415188539 1
3415302418 1
3416237787 1
3416626069 1
3416680258 1
3416802765 1
3418976998 2
3419204914 1
3421004407 1
3421999102 1
3423166573 1
3425959971 1
3426071899 1
3427934305 1
3428093754 1
3428288930 1
3429009523 1
3429476237 1
3429483753 1
3429715164 9
3429783641 2
3430331812 1
3432120673 1
3432275447 1
3432520926 1
3434196502 4
343489550 1
34349443 1
3435371276 4
343700414 1
3437253477 14
3437464160 2
3437661781 1
3437892345 1
3438008168 1
3439727245 3
3440826421 1
3441106516 2
3441241921 1
3441505902 1
3441797322 2
3441944861 1
3442314056 1
3442551348 1
3444096369 41
344426069 1
3444586976 1
344512181 5
3445756771 3
3446319889 2
3446623579 1
3446952472 13
3447392891 5
3448740361 1
3449256671 9
3449275131 1
3449322195 1
344968933 1
3449829878 2
3449840072 4
3449935321 1
344997395 1
3450118353 8
3450535415 1
3450801528 2
3451508140 1
3451530414 4
3452203115 8
3452798474 1
3453085176 3
345363714 1
3453780167 1
3455034314 1
3457682297 1
3457841427 1
345792375 4
3458695217 1
3460504431 1
3460722881 1
3461098715 1
3462165543 6
3462238886 1
3462476191 28
3462567329 3
3463485666 2
3463760934 1
3464322737 1
3464742621 1
3465420290 1
3465523918 1
3465714129 1
3467062702 1
3467351788 1
34674084 1
3467915608 1
3469723404 1
3470007029 1
3470379927 1
3470750722 1
3471038679 2
3471050509 1
3471216172 1
3471574227 1
3471777334 9
3472124605 2
3472842277 1
3473193708 1
3473577556 1
3473645314 1
3474419885 1
3474959057 1
3474967034 1
3475708912 1
3476050892 1
3477132513 1
3477581468 1
3478042666 1
347849812 1
3479098101 1
3479805253 1
3480829236 1
3480840114 2
3480988162 1
3482351801 1
3482829617 10
3483028045 5
348323460 1
3483645602 1
3483848772 1
3483936793 1
3484621820 2
348514315 2
3486546173 1
3486645996 1
3487245930 3
3488132057 5
3489489381 1
3490157377 35
3490320907 1
3491087032 1
3492181723 1
3492422575 2
3493083281 2
3493922161 1
3494193287 2
3495082686 1
3495130442 1
3496034637 9
3496300445 1
3496576721 1
3496781874 1
3497106133 1
3497297675 1
3497464147 1
3499843669 4
3500181889 1
3500422213 2
3501766660 2
3501845884 1
3502216514 2
350326988 1
3503409751 2
3503437012 1
3503694623 2
3503950150 1
3504281566 3
3505494873 1
3506334280 1
3507305305 7
3507795190 1
350798919 1
3508930403 1
350904496 4
3509715279 1
3510104748 1
3511470601 1
3511976013 1
351215424 1
351224717 1
3512334117 2
3512915390 1
35130617 2
3513113966 1
3514198354 1
3514613507 3
3514825264 1
3514994756 1
3515347210 2
3515991584 1
3517732274 1
3518764468 1
3519562075 113
351976736 1
3519787835 2
3520029179 4
3520033601 1
3521548412 1
3521562652 3
3521617980 1
3523188961 1
352351873 5
352363012 1
352475344 1
3525157247 2
352631424 2
35271588 1
3527540967 2
3527680436 3
3529210027 1
3529530954 3
3530474194 1
3530542975 3
3530979455 1
3532462485 1
3532662867 2
3532732149 2
3533157757 3
3533681558 1
353401254 1
3534179389 1
3534736777 1
353515077 2
3535895196 1
3535907221 1
3537191174 1
3537281425 1
3539108187 3
354126132 1
3543470034 1
3544579105 1
3544761220 2
3544880235 2
3545690441 13
354645392 1
3546729112 1
3546774624 1
3547848026 1
3548853115 1
3549099274 2
3549478654 2
3549820348 1
355006795 1
3550206089 1
3551481965 1
3551578706 3
3551591170 1
355202414 2
3552484602 1
3553442829 11
3553553821 1
3554355016 2
3554464214 14
3554789868 2
3558711949 9
3559078472 2
3559244632 1
3559779356 1
3559974731 2
356033202 1
3560503647 1
3560636903 1
3562341689 1
356237855 1
3562555589 1
3562616792 1
3563066941 1
3564030369 3
3564141416 1
3564471926 1
3564845056 18
3565553655 1
3566192120 1
3566700855 1
3566940430 1
3566973044 2
3567914093 1
3568044483 1
3568295839 2
3568465448 1
3568798348 1
3568873320 1
3569217398 1
3569769406 2
3571649583 1
3572254188 1
3572540507 3
3572568855 3
357373420 1
3575472188 1
357883588 1
3579175680 1
3579745745 1
3580209565 1
3580297812 1
3580527427 1
3581503687 2
3581683522 3
3582010370 1
3584124556 1
3584830571 6
3585798835 2
3586712645 1
3587891481 1
3588308142 7
3588816903 2
3589406233 1
3589896225 1
3591019726 4
3591629588 1
3592435605 1
3593342453 1
3593439056 1
3593726864 1
3594260863 1
3595070839 1
3595303964 2
3595448108 2
3596227959 1
359623095 1
3597537522 2
3597576734 1
3597898819 1
3598462278 2
3599687331 1
3599852874 1
3600355711 2
3600725416 1
3601887440 1
3603218002 1
360386899 1
3603922005 1
3604011559 3
360406513 1
3604302721 4
3604408508 8
3604671943 1
3605530821 4
3605951486 1
3606000933 1
3606275321 1
3606280593 5
3606946010 2
360744237 1
3609695617 1
361039561 1
3610537 1
3610551688 1
3610560949 3
3611481319 2
3612002154 1
3612086668 1
3612470237 3
361338412 1
3613429612 1
3613668 1
3614053662 57
3615336182 1
3616825646 2
3618869035 1
3619783902 1
3620335708 1
3621528148 1
3622425943 2
3622937173 1
3623627053 1
3624766195 1
3625256603 1
3625533560 2
3625617270 6
3626345654 1
3626561955 10
3626684947 3
3627138337 5
3627396988 1
3627401795 5
3628741613 1
3629219940 1
3630288053 9
3630802650 1
3630940712 3
3631422794 1
3631559129 2
3631820240 4
3632017218 1
3632357124 1
3632806972 2
3634119155 1
3634157869 1
3634366523 1
3635447292 1
3636480524 1
3637665632 1
3638168631 2
3638702136 6
3638889517 1
3640889199 2
364191363 3
3641994811 2
3642155040 1
364283704 1
3643419239 1
3644217409 1
3645065168 2
3645283969 1
3646325561 1
3647075626 2
3647560693 1
3647678580 1
3647762358 6
3647796698 2
3648072614 2
3648469610 1
3648531504 1
3649610792 1
3650322705 4
365137051 1
3652275138 1
3652518482 2
3653001295 1
3653970383 3
3654245558 1
3655886459 1
365616974 1
3656526899 2
3656772604 6
365738724 1
3657582634 1
3657907515 1
365956963 1
3659590767 2
3662718470 4
3663041515 1
3663217756 1
3664604003 1
3665151860 1
3665396027 1
3665484074 1
3665619495 1
3665668120 1
3666808024 1
3668002505 1
3668081442 1
3669024823 1
3669205092 3
3669385571 1
3669713110 2
3670505506 1
3670556762 3
367112720 1
3671509916 1
3672549456 4
3673117805 12
3673731706 1
3674422879 1
3674451743 2
3674453019 1
3674489477 1
3675751604 1
3676878692 1
3677207911 2
3677391832 1
3678730158 1
367880274 1
3680398983 1
3681354020 4
3681435195 1
3681513521 1
368263867 1
3683073232 1
3683321328 1
3683424789 5
3683653100 1
3683907580 2
3684048518 1
3684389634 2
3684491027 1
3684726019 1
3685210865 1
3685583608 1
3685920069 1
3686670767 3
3687574981 1
3688105404 3
3688746171 6
368885336 1
3688970587 1
3689113106 1
3689399426 1
3690220748 1
3690669884 1
3691579026 5
3691878330 1
3692315442 1
3692402610 4
3693249722 1
3693461257 2
3694440108 1
3694550174 2
3695693804 1
3695737140 1
3696523789 1
3696717957 2
3698122098 6
3698321548 1
3698614618 1
3698762942 1
3699041519 1
3699523185 1
3700079992 1
3700953763 1
3701689226 1
3703885591 1
370400442 1
3704425308 1
3705366068 2
3705394512 1
3705457832 2
3706159639 3
3706363119 1
3706581522 2
3707703069 1
3708275184 1
3708806154 1
3708918904 1
3709238221 1
3709582454 1
3709894751 1
3710745893 2
3711535571 1
3711563382 1
3712541584 1
3713150040 1
371395434 1
3714060097 1
3714978921 1
371503183 8
3715126196 3
3715284818 2
3715770155 6
3716041124 1
3716515458 1
3716967160 4
3717846606 30
3719241931 3
3720359582 1
3721510662 1
3722103080 2
3723263490 1
3724045537 1
3724276794 7
372446415 1
3724602384 1
3724866456 1
3725682103 1
3726173025 3
3726304298 1
3726401608 2
3727299435 2
3727301421 3
372769778 3
3728125222 1
3730067447 2
3730836558 1
3730971998 1
3731482223 2
3731582856 1
3733426955 1
3733469319 1
3734163321 1
3734561910 2
3735565502 2
373904287 1
3739070877 1
3739426368 1
3741895534 2
374367724 1
3744181487 1
3746544007 1
3747071032 1
3747776399 1
374793820 1
3748598164 1
3748627423 3
3748836029 1
3749143181 7
3749618254 2
3749690606 1
3749937198 21
3751412690 1
3751754218 2
3751854549 3
375187333 1
3752509348 1
3752622615 1
375304581 10
3753159692 1
3754089553 1
3755005759 3
3755420518 1
3755883923 1
3756817054 15
3756879811 2
3758013307 1
3758831752 1
3759795806 40
375981585 1
37600474 1
3761188693 3
3761276207 1
3761443351 1
3762862406 1
3763250367 1
3763465485 1
3764082619 16
3764540402 2
3765906865 1
3766120746 2
3766146771 1
376667045 1
3767741020 13
3768582700 1
3768740255 1
3768900833 1
3769557924 1
3769890994 1
3770921729 1
3771452198 1
3771530884 2
377211308 7
3772286683 2
3772374281 1
377283986 1
3773546050 1
3773791711 1
3774541485 1
3774892224 1
3775006623 1
3776085294 1
3776114430 2
3776271190 1
3776731672 3
3777092113 1
3777829131 1
3777946537 1
3778284921 1
3778515909 1
3779314111 1
3780213413 1
3780355015 1
378202146 3
3782807747 1
3783007054 20
3783757365 1
3784818329 8
3785303103 3
3786144774 1
3786787096 1
3786857798 1
378730002 1
3788156246 2
3790084800 1
3790822288 1
3791384196 1
3791437017 18
3793881881 1
3794254607 1
3794317144 7
3794886204 1
3795167976 1
3797107743 1
3797567272 1
3797671838 1
3797991901 3
3802061658 1
3802472308 1
3803554137 1
3803934700 1
3804749443 10
3805205727 2
3805475896 1
3805735172 1
3806225402 1
3806287687 1
3806495154 1
3806576985 19
3808135230 1
3808385928 1
3808660002 4
3808665192 1
3809155506 1
3810013832 11
3810187591 1
3810235656 5
3811123290 2
381192173 1
3812213226 1
3812234860 1
3812373000 3
3812463884 1
3813465453 8
3813935425 1
3814177953 17
3814331214 1
3814441671 1
3814754722 3
3815393148 1
3815633442 2
381599513 1
3817509460 6
3817639342 1
3817936281 2
3818055374 1
3818927972 1
3820219047 31
3820538293 1
3820878918 1
3821140943 4
3821624595 1
3821853686 2
3822154133 1
3823754507 5
3823764452 1
3824323657 1
3825627871 3
3825644068 1
3825716819 1
3825825782 1
3825953172 1
3826511031 3
3826981333 1
3827439189 1
3827640367 1
3828015695 1
3828327410 1
3828392001 2
3829244916 1
3829320715 4
3829524503 2
382969675 1
3829990429 1
383014146 3
3830476353 1
3831031921 1
383175177 15
3831806026 1
3831948307 1
3834395395 1
3835824322 2
3836136759 97
3836168235 10
3836275111 3
3836531276 2
3836866756 1
3837459917 1
3837655453 1
383989055 1
3839952317 2
3841066254 15
38411915 1
384126454 1
3841351799 1
384158767 1
3842293052 1
3842796675 1
3843577079 1
3844672396 1
3844706677 1
3844934819 1
3845052113 13
3845357266 1
3845814764 2
3845817338 6
3846562120 1
3847727381 1
3848101280 39
3848390907 1
3848517373 2
3848990945 1
3849108098 2
3849865989 1
3851104200 1
3851239865 1
3851289920 567
385134200 1
3851781162 13
3852082135 10
3852096674 1
3852206869 2
3852959846 4
3853149756 1
3853478542 1
3853815086 2
3853816542 1
3853920420 3
3855279753 1
3857219737 1
3857518275 1
3857669580 1
3858014748 1
385868294 1
3860156490 3
3861033666 1
3861363526 1
3862146838 1
3862192420 1
3862216298 10
3863631220 1
3863639439 1
3863782930 6
3864170312 2
3864948329 2
386516454 1
38658356 2
3865851505 1
3867097604 29
3867232529 1
3867871471 1
3867965217 1
3868165337 1
3868306053 1
38685035 2
3869450755 1
387019941 1
3871056203 2
3871388449 3
3871700900 1
387174626 2
3872134777 1
3873253898 63
3873515745 1
387351895 1
3874968845 2
3875327513 4
3876916729 2
3877113306 2
3877740572 1
3878815736 2
3880090130 2
3881883750 1
3882681880 1
3882721461 1
3882722401 1
388668258 1
388899107 1
3891193454 1
3895103543 1
3895977095 1
3896121848 2
3896190102 1
3896879246 1
3897335869 1
389765288 1
389803803 1
3898081043 1
3899851676 1
3900091830 2
3900303083 2
3900860112 1
3901027095 1
3901344901 1
3901919899 1
3901945439 1
3901989950 1
3902130893 1
3902262041 1
3902381757 1
3902443873 1
3903383414 1
390379677 5
3906418384 3
390683347 1
3907359852 1
3907859882 1
3908311911 1
3908374276 1
3908551233 3
3909349794 1
3910283694 1
391047260 3
3910788055 2
3910944375 1
3911748295 3
3912520929 1
3912622127 1
3913074813 1
3913616848 1
391407233 1
3914183093 1
3914635875 1
3914770535 1
3914812309 2
3915249082 1
391527102 2
3915549062 6
3916089969 1
3917194025 1
3917595625 1
3918001075 3
3918201335 3
3918509230 1
3918586528 2
3919220495 1
3919278420 1
3919428074 1
391961548 1
3919626467 1
3919773357 10
3919798061 1
3920967685 1
3920999793 1
3921055274 3
3922184265 2
3923330493 1
3923658056 1
3923989729 4
3924251471 4
3924506915 2
3925224321 2
3925890527 128
3926080804 1
3926108140 1
3926912015 1
3926990615 1
3927739082 1
3927922595 1
392988093 2
3930170425 1
3930436808 1
3930785464 1
3931422532 1
3931998440 1
3932364653 1
3935168055 1
3935171841 1
3935549695 2
3935869701 1
3935994412 2
3937384723 1
3938707360 1
3940493614 1
3940532066 2
3940791810 16
394103871 1
3941627185 1
3942208024 1
3942542837 1
3942913333 1
3944196076 1
3944525870 1
3945083134 5
3945226166 1
3945575121 1
3946690221 1
3946932136 1
3947302326 2
3947760664 6
3948203417 2
3948252530 184
3948259722 2
3948355298 2
3949161891 1
394984318 1
395184308 1
3952823586 1
3953007432 1
3957870406 1
3957899218 3
3957985266 1
3958437330 2
3958673687 1
395891319 8
3959877844 2
3961500692 1
3961827527 1
3963111787 122
3964351584 3
3964969385 1
3965120082 1
3965635762 2
3965996520 1
3966563884 22
3966623349 1
3967093989 1
3967482068 113
397083278 1
3972023139 7
3973972786 1
3974213891 1
3974848971 3
3975047367 1
3976039060 2
3976181744 1
3976699815 1
397754544 1
3978970157 1
397915032 2
397958962 1
3979692127 1
3979936356 1
3980355156 2
3981030905 10
3982335129 4
3983018450 124
3983566266 1
3984969459 12
3986729015 1
3987615461 2
3988485755 2
3989027514 6
3990249560 4
399113905 2
399119273 2
3991530636 1
3992379291 1
399299240 1
3993404535 20
3994515126 2
399501868 1
399523912 1
3995502725 1
3995706267 5
3996198876 1
3997081790 1
3997221677 1
3997776342 5
3998471017 1
399932811 18
4000414210 27
4000565579 1
4000662641 1
4002621725 1
4003086954 1
4003517523 1
400370164 21
4003883187 1
4004533693 1
4004745139 1
4005350622 1
4005654506 1
40062455 2
4006437271 2
400753835 1
4007906685 1
4008381725 5
4008600543 1
4009107624 7
4009225071 1
4012064963 1
4012265837 4
4012324075 3
4012430242 1
401247759 1
4013215391 1
4013232552 1
4014027752 3
4014269076 1
4014560740 1
4014721299 50
4015482058 3
4015514883 2
4016247880 1
4016532910 1
4017005826 3
4017463210 5
4017599303 1
401771308 1
401926507 1
4020339592 1
4021443124 1
4021975829 1
4022467557 1
4022816137 1
4022850090 2
4023395824 1
4023416600 1
402381970 1
4025706565 1
4025879745 3
4025982157 1
4026293848 3
402697944 1
4027711822 1
402816842 1
4028714024 1
4029551304 1
403099440 1
4031140180 3
4032028088 1
4032626400 1
403301654 1
4033761420 209
4034018990 1
4035046431 1
403575423 2
4037042566 1
4037368389 1
4037380570 641
403809460 1
4038363469 2
4038425578 1
4039155106 1
404028541 4
4040516658 1
4040712502 1
4040725128 1
4041195051 1
4041429126 1
404184742 2
4042433573 1
404293762 1
4042951770 1
4043085210 122
4043674764 1
4043722406 1
4043862492 1
404402238 1
4044348397 1
4044747974 1
4045306101 1
40457547 1
4045774004 1
404582168 2
4046078204 12
4046385554 1
4047029184 1
4047047732 1
4047161967 7
4047361767 1
404797869 1
4048501423 1
4048532555 1
4048538560 1
4049707862 1
4050396463 2
4050877689 1
4052234554 1
4052615013 1
4052891170 9
4054845094 1
4054961281 1
4055551737 1
4055757575 6
4055897748 1
4056635042 6
405682907 1
405729928 10
4058303106 1
4059858779 5
4060265224 1
4060333264 1
4060809743 1
406092068 1
4063736275 1
4064075320 1
4064119111 6
4064363774 2
4064560034 1
4064582530 6
4066328575 1
4067569204 1
4067826249 2
4068504967 1
4070565326 1
4070889699 1
4071891580 1
4072287171 28
4072429064 13
4073631073 1
4074495407 1
4076019849 1
4076627306 1
4077785506 2
4077807098 2
4077866295 1
4077922695 1
4078439613 1
4078850997 1
4079555058 4
4080202674 1
4080696480 1
4080702288 1
4081047724 1
4082422697 1
4082746389 9
4082757647 2
4083986058 1
4084246125 1
4084287662 1
4085775123 1
4086142011 5
4086507895 2
4087111991 1
4088023805 3
4088251415 1
4089111920 1
408940972 1
408955421 86
4089846815 2
4089912685 1
4090144549 2
4091660408 6
4093407392 4
4093774578 1
4096070497 1
4097776625 5
4098158961 1
4098303925 1
4098479794 8
4098804035 1
409887700 2
409895771 1
4099521306 1
4100155415 1
4101499512 1
4103082850 5
4103193074 2
4103686908 1
4103877515 2
4105475788 5
4105477244 1
4105850480 1
4108132519 3
4108434116 1
4108709491 1
4109172757 4
4110898803 1
4111465474 3
4111872691 4
4112958370 16
4113151040 1
4113637439 1
411423119 2
4114893679 1
4114935573 1
4115199052 2
4115299309 1
411637011 1
4116462926 1
4116735718 1
4117512770 1
4119099176 5
4119107010 1
4119786394 17
4120895450 1
4121660856 1
4121902990 1
4123274024 1
4123503162 1
41242405 1
4124500689 2
4124890619 1
4125036650 5
4125181624 1
4125340775 3
4127356735 1
41282772 1
4128884626 2
4129249183 9
4130362142 2
4130909932 1
413185869 2
4132429581 1
4135017886 1
4136375963 1
413701142 59
4138069038 2
4138192437 1
4138438462 2
4139216400 1
4139539324 1
4139685730 6
4139708415 11
4140281319 1
4140537941 1
4140618620 1
4140797386 2
4141055567 3
4141437330 1
4141518811 1
4141948574 1
4143788738 1
4144010313 55
4144312894 1
4144351763 1
4145939437 1
4146103079 1
4146182742 1
4146789567 1
4147168047 1
4147481558 1
414773197 1
4148653613 3
4148695690 5
4148785745 1
4148975313 2
4150077000 1
4150521819 2
4150620763 7
4151443447 1
4151624686 2
4151898671 2
4152367874 2
4152595420 1
4155214648 1
4155920828 1
4156253131 1
4156484772 1
4156737905 1
415737928 1
4158962483 1
4158997206 4
4159248124 2
4159285400 1
4159376846 1
4160211348 1
4160287335 1
4160552601 1
4160963623 1
416122013 1
4161294385 2
4161622423 13
4161943992 1
4162059812 1
4162391610 1
4162457618 2
4163120426 1
4163152731 1
4164819328 3
416638763 1
4167657815 10
4167693364 1
4169407779 1
4170101393 1
4170180788 1
4170277445 10
4170446248 1
4170852663 1
4172064945 1
4172076460 7
4172450997 1
4172864722 1
4172904460 1
4173217271 3
4173559636 2
4175111565 1
4175501327 1
4176722133 2
4177052548 1
4177587773 1
4177757300 1
417868231 1
4178693370 2
4178697555 100
4178903073 2
4178928240 1
4178965171 1
4179166141 1
4180740986 1
4181265074 2
4182154234 1
4182172458 1
4182315631 1
4182899774 1
4183222119 1
4184481508 2
4184996501 2
4184999651 1
4186660384 1
4187030492 2
4187189123 1
4187395835 1
4188149758 1
4189681396 1
419068661 1
4191112860 1
4192132842 1
4193144558 1
4193980002 3
4194419997 2
4194592001 3
4195473678 16
4196239663 71
4196620417 2
4196688332 1
4198189161 1
419832810 9
4199417215 1
419953727 4
4200378863 1
4201278791 1
4203093584 1
4203228544 1
420345273 29
4203922323 1
420410725 1
4204588617 1
4205404614 1
420575222 1
4206750597 3
4206819927 1
4207146437 1
4207394236 1
4209386024 17
4210227085 6
4210241907 1
4210272302 2
4210369151 1
4210543872 1
4211743267 5
4212386796 1
4213053741 1
4213191462 2
4213564340 6
4214313701 1
4215162539 1
4215198454 1
4215733001 1
4216208774 3
4216411207 3
4216437791 1
421700026 1
4217437211 1
421762525 1
421777336 1
4218067290 12
421827741 1
4218303117 1
4218813040 1
4219052660 5
4219482844 1
4219778189 2
4220419775 2
4221112171 1
4221639826 1
4221645350 2
4222686233 1
4223590959 1
4224220731 1
4224367532 1
4224600862 1
4225369052 1
4225443349 1
4225745794 2
4226754491 1
42282230 1
4230531088 2
423059059 1
4231150339 10
4231577521 492
423196078 1
4233201428 1
4234845332 8
4235043733 1
4235295785 1
4235370232 1
4235661301 1
4235854530 1
4236581104 77
4236859025 1
4237802800 2
4238058709 2
423823256 15
4238594510 1
4238863565 1
4239279203 4
4239490938 1
4240211403 1
4240216525 1
4240559793 2
4241007362 2
4241138093 1
4241925939 1
4242932085 2
4243613243 141
4244096423 4
4245049931 4
424523956 1
4245907522 5
4246849469 1
4249045084 1
4249826799 6
4250744015 1
4250835956 1
4250986782 1
4251504136 1
4251537727 1
4251875937 1
4253164004 1
4253405297 1
4253599938 1
4254243944 1
4254692430 1
4255274714 2
4255284106 1
4256178560 1
4256617968 1
4256874543 1
425778469 1
4258465203 1
4258567583 1
4259118609 1
4259470845 1
4259608182 2
425973504 1
4260478504 2
4260804621 1
4260940206 20
4260989516 1
4261221588 3
4261466915 1
4262806238 1
4262995305 9
4263029845 1
4263295893 3
426337276 1
4264240178 6
4265257592 2
4265318964 2
4265931964 3
426747248 2
4267537455 1
4268120 1
4268135827 1
4268270966 1
4268274528 1
4268449434 25
4269962874 1
4270790458 2
4273178168 2
4273395810 223
4273928471 1
4273944111 1
4274412428 2
4275063752 1
4278885662 1
4278984686 2
4281106900 1
4281119687 2
4281459183 1
4281654591 2
4282164232 1
4282344878 5
4283050945 2
4283092012 1
4283342246 1
4283390137 1
4283800561 2
4284953029 4
428505005 1
4285459325 1
4285837909 1
4285943098 1
4286366735 1
4287063697 5
4288074343 1
4288241625 1
4288745119 11
4291648838 1
4292151235 1
4292385523 1
4292603897 1
4292774160 16
4293228447 24
4293328675 1
4294063147 1
4294088851 10
4294215970 5
430489332 2
431452389 1
433479334 1
433790622 1
434148551 32
434677348 1
434893841 1
434942487 1
436363463 1
436505151 1
43835509 3
439128547 1
439135519 1
439667647 1
440033568 2
440731447 14
441124389 1
441392987 1
441474247 1
441544625 2
441642129 2
441873886 2
442036942 1
442513300 2
442698508 4
443057282 1
443074732 1
444021261 2
444139922 1
445422927 1
446881289 7
446908475 1
447145022 1
447201442 1
447720684 1
448179959 1
448864959 3
449908541 2
450366267 2
450789513 1
45131222 1
451989404 2
452010800 3
452714704 4
454099842 1
454822938 1
454826532 3
454904010 2
455223210 1
455810704 4
455827104 1
456101943 1
456230704 1
456581216 3
456733362 1
457183985 1
457315387 1
457715804 1
457950801 1
45858203 1
459715859 2
460491946 1
460798432 1
461186079 1
461569524 5
461748372 1
463045657 3
46331102 1
463412914 1
465433302 1
465579778 1
466040143 1
466900831 1
467218863 1
468939129 2
469188642 2
469235502 1
469324971 1
469567967 2
469724455 1
46997979 2
470324084 1
470428504 1
470551437 7
470804343 3
470974142 1
471088040 1
471104694 13
471910673 1
472314594 1
473164823 4
473568336 1
474015091 2
475764715 1
477488888 1
478917506 1
479381658 1
48065967 1
480714373 1
48119799 1
482203447 3
48262910 1
482635344 8
483825816 4
484246620 1
484372814 1
486471849 13
487530076 2
488628933 1
488702381 1
490241621 3
49028297 26
490302274 4
490421211 1
491162607 2
49158994 18
491716490 1
491994500 1
492327079 1
4927474 2
492800499 1
493162981 2
494162982 1
495537923 1
495651496 1
496507851 1
497572049 2
497835224 1
498001092 1
498429040 1
498715585 1
499352201 1
499397835 1
500224735 2
501075240 1
501436748 1
501937997 1
502671480 1
502792697 5
502835624 2
502945864 1
502960806 1
503244097 1
503516251 1
504084772 1
504585040 1
505511988 1
506518898 1
507081462 3
507225708 2
509122046 1
509710254 2
50982269 1
510244410 50
51047763 2
511156864 1
511831557 2
511872704 1
512994675 1
513245379 1
513345690 1
514750575 2
515426296 1
516632109 1
516870468 20
518049525 2
518180820 2
51850702 2
518664069 1
519721336 1
519736870 9
519963332 1
520275977 1
520359228 1
520528109 1
5208710 1
521172448 4
52177804 5
521890721 1
52193791 2
522222973 1
522275093 1
522293605 1
522322992 1
522810332 3
523280001 1
52378230 19
524328108 1
524431477 1
525939976 1
526419490 25
526567824 1
527064060 1
528761118 2
529816974 1
530300804 3
530503656 4
531047715 1
532921442 1
533808208 7
536066269 10
537096707 1
537291501 1
538622668 1
53881467 2
538815089 2
538867317 1
540568797 4
54113577 1
542178697 1
542644654 67
543327736 1
543364590 2
54488114 1
54587268 21
546007363 1
547401488 1
547802873 1
548343542 1
550013436 153
551913403 10
551942005 2
553413036 1
555627512 1
557762821 1
558357808 1
558474757 1
559530109 5
560273457 2
561412835 1
561911319 2
562565969 4
562634914 1
562704789 1
562780263 3
563852864 2
565089301 3
566055842 1
566431300 1
566460980 3
566582356 76
567795395 1
568266045 2
56881386 21
569550227 1
569918274 4
570636658 1
572254888 3
573613053 1
575363434 1
576605478 1
576659358 1
577261729 1
577708737 1
577831077 1
578770307 2
580232404 1
580502906 1
580785021 1
581077535 1
581518249 1
582159452 4
582970736 1
583236972 1
583362235 4
583441727 1
584053344 2
584187836 1
584489182 1
585595282 1
58564408 1
586650591 4
586760256 1
587199509 2
587412001 1
588616889 1
588685729 1
589291485 4
589486060 13
589560935 1
590354049 1
590857739 2
591697128 13
594690506 4
594779040 1
595502636 1
595845645 68
595896138 1
596400840 1
598892717 2
599148035 2
599886006 1
599952865 21
600135010 1
600204812 3
600320693 1
600502189 2
601022955 15
601664322 14
603002474 1
603604102 1
603887719 3
606094298 2
606607087 1
607640035 3
608085520 3
608794794 1
609112008 2
61018592 1
61027538 5
610290467 1
610410742 1
612511082 1
613868949 1
614168439 1
614483602 1
61451771 1
615153001 16
615249621 1
615811378 1
615890864 1
615963349 3
61646179 2
617928185 47
618287730 5
618648718 1
618741924 1
619457779 1
620237147 2
620828518 1
621040071 8
621050005 2
621299116 1
621483568 1
622535045 1
623541089 1
623550357 4
623679831 2
623977555 7
625086396 1
625619189 1
625701282 1
628112704 1
628220989 1
629338318 1
630048247 1
630559628 1
630700961 1
631827607 1
632099995 1
632455621 1
632973688 2
633237078 1
633330937 1
633700126 2
633803722 13
63441226 1
634502709 1
63497342 1
635328092 1
635625061 1
636352196 1
636676584 1
637618416 2
637807874 65
637900905 11
637936649 2
638677616 23
639144339 4
640015969 1
640699085 3
640815554 1
640982362 3
643400495 1
643453156 7
644982859 3
644985474 1
645607654 1
646240969 1
646478154 1
646562487 1
648936995 1
650136169 1
650416987 1
651268552 13
651804202 1
652000281 1
652917436 1
653551108 4
655306773 3
655850271 4
65595374 2
656282317 5
656350862 15
657458532 2
658257686 1
658991256 2
659153862 6
660027814 3
66133714 1
661441498 6
661928180 2
662261139 1
662459060 1
662649852 1
66316973 2
664179988 1
665455507 1
666285322 1
667164236 2
667325721 1
667779575 4
668297691 1
668313551 4
668855924 1
66909496 1
669897105 80
670359910 1
670918427 1
671468331 1
672130222 1
674229814 1
674312846 1
674490303 10
678291097 32
67837301 1
678843162 5
68043380 1
680864354 1
68086721 1
680962192 35
681196152 3
682615104 1
68285494 5
683258237 3
683716783 1
685160570 4
685296154 1
685641819 6
686303487 1
688171248 1
689228772 8
68955947 2
689819399 36
689977333 1
69087819 4
691043839 1
691289261 1
691427747 2
691672998 4
692330036 1
692593314 1
692766863 1
692810136 1
693511835 3
693669962 1
693866595 1
694679289 1
694695544 1
6953081 1
696511320 2
697318674 1
697371956 1
697541168 1
697689306 3
697924262 39
698289179 1
698692026 1
698777114 3
699356206 1
700146681 2
700677032 2
700704832 4
701100596 1
701754232 1
701859569 1
702260731 1
702723481 1
703510753 2
703943088 1
705906680 1
706410051 2
706597146 3
707151031 1
708068514 1
708902725 3
708996325 4
711156234 1
711534799 1
711649129 14
711879919 1
711977357 1
714407278 3
715756534 1
715891201 27
718027087 2
718101515 1
718677702 1
718823553 1
719421413 1
719431652 1
720327811 1
720512618 2
720931019 1
721245043 1
721285891 2
721659853 1
723240440 1
724015212 2
724053260 1
725107019 1
725288878 1
72693383 1
727464902 1
728194254 1
728584644 1
729137599 8
729273503 3
729579041 10
731931821 9
732336033 11
732401483 1
732985613 1
734481550 1
737674159 1
739053804 4
740331434 1
74059751 9
741087519 1
741906800 1
742665576 1
742951147 2
743601354 1
743798996 2
743874319 1
74411578 1
744322797 1
746964244 2
749060569 1
749130585 1
749631959 1
750037747 1
750465072 7
750661259 1
751169551 1
751499674 12
752371738 1
753601322 11
753704278 1
754083889 4
754496018 1
754503817 1
754555199 1
755234001 1
755481368 3
755551055 5
757162938 7
757495446 1
757767768 1
758081602 2
759142822 1
75944199 2
760726864 3
76172084 1
76175261 1
762215911 6
762655755 2
764809201 4
765402330 7
765664642 1
766899320 1
767487038 1
767706145 2
769034485 2
769244693 6
769449808 2
769461314 1
770089861 1
770458896 1
770499871 1
771306453 1
771568532 1
771623033 1
77214157 1
772440398 1
773173225 1
773605304 1
774731833 1
775103617 16
77515022 1
77558196 2
77951919 2
779706282 1
780394458 2
78115111 1
781325351 4
781403739 1
781874555 1
782384383 1
783670460 1
783780433 1
783961427 1
784301813 2
784778213 2
784943831 5
785145720 1
786245635 1
787008223 1
787529590 2
788430340 1
788517151 1
788982035 1
789427165 8
790983117 2
791237397 1
791476576 4
792341658 1
792366014 3
792842295 1
792962881 1
793482489 1
793496936 1
793864518 2
793946256 1
794275589 2
794460987 1
795657442 1
796530335 1
796973788 1
797043236 1
797602021 1
797873788 1
798204354 1
79928661 1
799383077 1
799489627 4
799875306 1
80008313 1
800506538 1
800993593 1
801211123 1
801894865 1
802157973 1
802184781 1
803131784 1
804272364 1
804909118 1
805321116 1
806294665 3
806587496 1
806910568 1
8071264 1
807191208 1
807595350 1
808757296 1
80898683 2
809008813 11
809153940 1
809958629 1
811026150 1
811742799 2
812036612 2
812279210 1
812650843 1
812786639 1
813097942 21
81567156 1
817078345 1
817342152 1
81745988 12
817642308 1
817659355 11
817991653 1
818022748 3
818185312 1
818674563 1
820378263 1
820495348 1
820551397 1
822672433 2
82267615 1
823146433 7
823433066 1
823886098 16
823921420 10
824621150 1
825763664 1
827186101 1
827198261 1
827490078 1
827711447 2
828262033 2
828491465 1
828558910 5
829206568 2
829970526 1
830137529 1
830749816 1
830815491 1
831067784 3
832478818 2
832783375 2
832857920 1
833340947 2
834517354 1
834701853 1
835477565 1
835852227 2
836477040 1
837043719 52
837215415 1
837618787 1
839833277 2
839838619 1
840186090 2
840633340 1
841707293 1
841923401 1
842375444 1
844768312 1
845701869 3
845830613 2
84632749 2
847201668 8
84775343 1
847863098 1
847882643 1
848198814 3
848242016 1
848773016 1
849086252 3
849285778 1
849860103 19
849924910 8
850060245 1
85028490 2
851570169 1
851693622 1
852374905 1
852401063 8
853435290 1
854381017 1
854904735 2
855081668 3
856108882 22
856349799 1
856680647 1
856864670 1
857181308 9
858891508 2
859145112 1
859986354 1
860157546 1
86070306 1
861080438 1
861471246 1
861723795 1
863240699 1
864090858 2
864587536 2
864602700 1
864738596 2
865730480 3
865806114 2
865852724 4
866169067 2
867774925 1
86947673 5
869682781 1
869918266 2
870295529 2
87192597 1
872353514 1
873089111 1
873158877 4
87321809 2
873492613 2
873856203 1
875527586 1
878498812 1
881984409 1
882820172 1
882920642 1
883402376 1
883727011 2
883902191 1
883959895 2
883966473 1
884084928 1
884178149 1
884260238 2
884835515 1
885946772 1
886204186 1
886371119 1
886529165 1
88681778 1
887785897 1
88800589 1
888356841 1
888618256 1
888806492 2
889059823 23
889295804 2
889376981 1
890373068 1
892066817 1
892403156 1
892418863 1
894329319 1
895148774 1
896034378 1
896209313 1
896567402 1
897792702 1
89910366 1248
899199309 1
899428820 1
900742524 1
901309738 3
902912391 1
903061355 1
903768033 2
904543914 3
905882437 1
905962009 75
906566328 1
906949133 1
907810476 3
908235190 1
9087632 1
909498788 2
909706855 1
912179283 1
913172253 1
913182802 1
913249490 3
913513785 1
913797864 1
913859234 14
914521999 3
914782963 6
91489738 1
914960584 1
915197709 1
915932376 2
91721009 1
917487016 1
918583199 1
918756412 2
918852100 2
920765298 1
92108046 1
922067540 2
92271492 4
922917193 1
925240201 2
92692287 2
92748940 1
93012780 1
930287122 1
930519212 238
931263510 3
932067401 1
932285121 1
932860745 1
93347106 1
935832249 1
938695642 1
938892975 1
939118481 1
939359511 3
939592115 1
940374250 1
940974255 1
941770683 1
943076705 2
943116115 2
943283895 2
944325610 1
944745629 3
944958048 1
94503835 1
945254040 1
945504095 1
946370291 1
946652495 5
946973702 1
94908929 31
949724134 1
950468572 1
950545339 3
950577236 1
950700692 6
95116460 1
951505518 1
951512260 15
951534921 1
951567336 2
951794311 6
952621874 1
952948450 1
953420502 1
953767647 8
954908871 1
955282578 1
955551729 1
955578455 12
955870568 1
956481999 1
957135059 6
957507003 2
958088652 45
959752681 1
960583154 1
960590953 1
961216444 1
962054839 2
962238374 1
9623340 1
96238701 3
962577078 3
962600839 1
963166740 1
964664433 1
964939835 1
965236554 1
967308400 1
968740762 1
969679262 1
969944922 1
970253184 1
970393931 1
970494904 1
971527961 2
972092943 1
972557307 1
972632627 1
972771043 1
972850743 1
974994192 4
975096433 1
977139930 1
977172870 1
978719402 1
979703038 3
980324177 1
982116958 1
9830469 1
983181886 3
984359865 3
985003600 2
985400717 1
986009422 1
986371971 1
986570872 1
987596233 4
989344151 1
990657122 2
990836744 3
991084067 1
991391438 1
992552184 1
99269981 1
993792763 2
993841821 1
993886514 1
994210677 1
995840245 1
996095192 3
996286050 4
996288386 1
997081823 1
997704832 1
997790805 1
997829626 1
998475684 5
998858543 1
999075923 2
999739707 1
99994241 1
