663665735
1842382598
445302041
2648854276
2982414394
29066842
2292762363
14615820
2381714309
2648854276
3357657060
3683670517
243732015
3005721716
157894951
4133773345
1886032236
2648854276
2681289736
4014190222
2648854276
3994375127
2980834072
3005721716
1613041474
654934464
2889385451
4162790020
2086930470
157894951
733219622
2189397276
3908064114
1609234501
1842382598
2648854276
537912727
4082745666
4154051241
2889385451
3279689795
1870208171
1613041474
1674133844
157894951
4005672287
2250609057
1134011079
3881344269
3234070003
3554874042
1771444224
3005739309
663665735
1041634801
1908289788
3369775792
1613041474
3159595378
441595039
2648854276
4162790020
1842382598